15,15,15,15,15,15,15,15,22,21,35,15,15,15,15,15,15,15,15,15,15,15,15,15,15,15,15,15,15,15,15,15,15,15,15,15,15,15,15,15,15,75,75,80,80,80,80,80,80,77,80,77,2,2,2,2,2,2,2,2,2,2,2,2,2,2,2,2,2,2,2,2,2,2,2,2,2,2,2,2,2,2,2,2,2,2,2,2,2,2,2,2,2,2,2,2,2,2,2,2,2,2,2,2,2,2,2,2,2,2,2,2,2,2,2,2,2,2,2,2,2,2,2,2,2,2,2,2,2,2,2,2,2,2,2,2,2,2,2,2,2,2,2,2,2,2,2,2,2,2,2,2,2,2,2,2,2,2,2,2,2,2,2,2,2,2,2,2,2,2,2,2,2,2,2,2,2,2,2,2,2,2,2,2,2,2,2,2,2,2,2,2,2,2,2,2,2,2,2,2,2,2,
15,15,15,15,15,15,15,15,22,21,35,15,15,15,15,15,15,15,15,15,15,15,15,15,15,15,15,15,15,15,15,15,15,15,15,15,15,15,15,15,15,73,72,66,66,66,67,67,66,78,65,76,2,2,2,2,2,2,2,2,2,2,2,2,2,2,2,2,2,2,2,2,2,2,2,2,2,2,2,2,2,2,2,2,2,2,2,2,2,2,2,2,2,2,2,2,2,2,2,2,2,2,2,2,2,2,2,2,2,2,2,2,2,2,2,2,2,2,2,2,2,2,2,2,2,2,2,2,2,2,2,2,2,2,2,2,2,2,2,2,2,2,2,2,2,2,2,2,2,2,2,2,2,2,2,2,2,2,2,2,2,2,2,2,2,2,2,2,2,2,2,2,2,2,2,2,2,2,2,2,2,2,2,2,2,2,2,2,2,2,2,2,2,2,2,2,2,2,2,2,2,2,
15,15,15,15,15,15,15,15,22,21,35,15,15,15,15,15,15,15,15,15,15,15,15,15,15,15,15,15,15,15,15,15,15,15,15,15,15,15,15,15,15,74,66,66,66,66,67,67,66,79,65,76,2,2,2,2,2,2,2,2,2,2,2,2,2,2,2,2,2,2,2,2,2,2,2,2,2,2,2,2,2,2,2,2,71,71,71,71,71,71,71,71,60,59,63,2,2,2,2,2,2,2,2,2,2,2,2,2,2,2,2,2,2,2,2,2,2,2,2,2,2,2,2,2,2,2,2,2,2,2,2,2,2,2,2,2,2,2,2,2,2,2,2,2,2,2,2,2,2,2,2,2,2,2,2,2,2,2,2,2,2,2,2,2,2,2,2,2,2,2,2,2,2,2,2,2,2,2,2,2,2,2,2,2,2,2,2,2,2,2,2,2,2,2,2,2,2,2,2,2,2,2,
15,15,15,15,15,15,15,15,22,21,35,15,15,15,15,15,15,15,15,15,15,15,15,15,15,15,15,15,15,15,15,15,15,15,15,15,15,15,15,15,15,73,65,65,65,65,65,65,65,65,65,76,9,9,9,9,9,9,49,2,2,2,2,2,2,2,2,2,2,2,2,2,2,2,2,2,2,2,2,2,2,2,2,2,71,71,71,71,71,71,71,71,61,57,64,2,2,2,2,2,2,2,2,2,2,2,2,2,2,2,2,2,2,2,2,2,2,2,2,2,2,2,2,2,2,2,2,2,2,2,2,2,2,2,2,2,2,2,2,2,2,2,2,2,2,2,2,2,2,2,2,2,2,2,2,2,2,2,2,2,2,2,2,2,2,2,2,2,2,2,2,2,2,2,2,2,2,2,2,2,2,2,2,2,2,2,2,2,2,2,2,2,2,2,2,2,2,2,2,2,2,2,
15,15,15,15,15,15,15,15,22,21,35,14,14,14,14,14,14,14,14,14,14,14,14,14,14,14,14,14,14,14,14,14,14,14,14,14,14,14,14,14,14,72,66,68,66,66,66,66,66,67,67,79,37,41,7,7,7,7,8,2,2,2,2,2,2,2,2,2,2,2,2,2,2,2,2,2,2,2,2,2,2,2,2,2,71,71,71,71,71,71,71,71,53,54,53,2,2,2,2,2,2,2,2,2,2,2,2,2,2,2,2,2,2,2,2,2,2,2,2,2,2,2,2,2,2,2,2,2,2,2,2,2,2,2,2,2,2,2,2,2,2,2,2,2,2,2,2,2,2,2,2,2,2,2,2,2,2,2,2,2,2,2,2,2,2,2,2,2,2,2,2,2,2,2,2,2,2,2,2,2,2,2,2,2,2,2,2,2,2,2,2,2,2,2,2,2,2,2,2,2,2,2,
15,15,15,15,15,15,15,15,22,21,35,89,66,66,66,66,66,66,66,66,66,66,66,66,66,66,66,66,66,83,91,0,0,0,0,0,0,0,0,0,0,0,0,0,0,0,0,0,0,0,0,0,0,5,7,7,7,7,69,69,69,69,69,69,69,69,69,69,69,69,69,69,69,69,69,69,69,69,69,69,69,69,69,69,71,71,71,71,71,71,71,71,71,71,71,2,2,2,2,2,2,2,2,2,2,2,2,2,2,2,2,2,2,2,2,2,2,2,2,2,2,2,2,2,2,2,2,2,2,2,2,2,2,2,2,2,2,2,2,2,2,2,2,2,2,2,2,2,2,2,2,2,2,2,2,2,2,2,2,2,2,2,2,2,2,2,2,2,2,2,2,2,2,2,2,2,2,2,2,2,2,2,2,2,2,2,2,2,2,2,2,2,2,2,2,2,2,2,2,2,2,2,
15,15,15,15,15,15,15,15,22,21,35,89,2,2,2,2,2,2,2,2,2,2,2,2,2,2,2,2,2,2,91,0,0,0,0,0,0,0,0,0,0,0,0,0,0,0,0,0,0,0,0,0,0,5,7,7,7,7,8,70,2,2,70,2,2,70,2,2,70,2,2,70,2,2,70,2,2,70,2,2,70,2,2,70,71,71,71,71,71,71,71,71,71,71,71,2,2,2,2,2,2,2,2,2,2,2,2,2,2,2,2,2,2,2,2,2,2,2,2,2,2,2,2,2,2,2,2,2,2,2,2,2,2,2,2,2,2,2,2,2,2,2,2,2,2,2,2,2,2,2,2,2,2,2,2,2,2,2,2,2,2,2,2,2,2,2,2,2,2,2,2,2,2,2,2,2,2,2,2,2,2,2,2,2,2,2,2,2,2,2,2,2,2,2,2,2,2,2,2,2,2,2,
15,15,15,15,15,15,15,15,22,21,35,89,2,2,2,2,2,2,2,2,2,2,2,2,2,2,2,2,2,2,91,0,0,0,0,0,0,0,0,0,0,0,0,0,0,0,0,0,0,0,0,0,0,5,7,7,7,7,8,2,2,2,2,2,2,2,2,2,2,2,2,2,2,2,2,2,2,2,2,2,2,2,2,2,71,71,71,71,71,71,71,71,71,71,71,2,2,2,2,2,2,2,2,2,2,2,2,2,2,2,2,2,2,2,2,2,2,2,2,2,2,2,2,2,2,2,2,2,2,2,2,2,2,2,2,2,2,2,2,2,2,2,2,2,2,2,2,2,2,2,2,2,2,2,2,2,2,2,2,2,2,2,2,2,2,2,2,2,2,2,2,2,2,2,2,2,2,2,2,2,2,2,2,2,2,2,2,2,2,2,2,2,2,2,2,2,2,2,2,2,2,2,
15,15,15,15,15,15,15,15,22,21,35,89,2,2,2,2,2,2,2,2,2,2,2,2,2,2,2,2,2,2,91,0,0,0,0,0,0,0,0,0,0,0,0,0,0,0,0,0,0,0,0,0,0,5,7,7,7,7,8,2,2,2,2,2,2,2,2,2,2,2,2,2,2,2,2,2,2,2,2,2,2,2,2,2,70,2,2,70,2,2,2,70,2,2,70,2,2,2,2,2,2,2,2,2,2,2,2,2,2,2,2,2,2,2,2,2,2,2,2,2,2,2,2,2,2,2,2,2,2,2,2,2,2,2,2,2,2,2,2,2,2,2,2,2,2,2,2,2,2,2,2,2,2,2,2,2,2,2,2,2,2,2,2,2,2,2,2,2,2,2,2,2,2,2,2,2,2,2,2,2,2,2,2,2,2,2,2,2,2,2,2,2,2,2,2,2,2,2,2,2,2,2,
15,15,15,15,15,15,15,15,22,21,35,0,88,88,88,88,88,88,88,88,88,88,88,88,88,88,88,88,88,88,0,0,0,0,0,0,0,0,0,0,0,0,0,0,0,0,0,0,0,0,0,0,0,5,7,7,7,7,8,2,2,2,2,2,2,2,2,2,2,2,2,2,2,2,2,2,2,2,2,2,2,2,2,2,2,2,2,2,2,2,2,2,2,2,2,2,2,2,2,2,2,2,2,2,2,2,2,2,2,2,2,2,2,2,2,2,2,2,2,2,2,2,2,2,2,2,2,2,2,2,2,2,2,2,2,2,2,2,2,2,2,2,2,2,2,2,2,2,2,2,2,2,2,2,2,2,2,2,2,2,2,2,2,2,2,2,2,2,2,2,2,2,2,2,2,2,2,2,2,2,2,2,2,2,2,2,2,2,2,2,2,2,2,2,2,2,2,2,2,2,2,2,
15,15,15,15,15,15,15,15,22,21,20,36,36,36,36,36,36,36,36,36,36,36,36,36,36,36,36,36,36,36,36,36,36,36,36,36,36,36,36,36,36,36,36,36,36,36,36,36,36,36,36,36,28,5,7,7,7,7,45,9,9,49,2,2,2,2,2,2,2,2,2,2,2,2,2,2,2,2,2,2,2,2,2,2,2,2,2,2,2,2,2,2,2,2,2,2,2,2,2,2,2,2,2,2,2,2,2,2,2,2,2,2,2,2,2,2,2,2,2,2,2,2,2,2,2,2,2,2,2,2,2,2,2,2,2,2,2,2,2,2,2,2,2,2,2,2,2,2,2,2,2,2,2,2,2,2,2,2,2,2,2,2,2,2,2,2,2,2,2,2,2,2,2,2,2,2,2,2,2,2,2,2,2,2,2,2,2,2,2,2,2,2,2,2,2,2,2,2,2,2,2,2,
15,15,15,15,15,15,15,15,22,21,21,21,21,21,21,21,21,21,21,21,21,21,21,21,21,21,21,21,21,21,21,21,21,21,21,21,21,21,21,21,21,21,21,21,21,21,21,21,21,21,21,21,35,5,7,7,7,7,7,7,7,8,2,2,2,2,2,2,2,2,2,2,2,2,2,2,2,2,2,2,2,2,2,2,2,2,2,2,2,2,2,2,2,2,2,2,2,2,2,2,2,2,2,2,2,2,2,2,2,2,2,2,2,2,2,2,2,2,2,2,2,2,2,2,2,2,2,2,2,2,2,2,2,2,2,2,2,2,2,2,2,2,2,2,2,2,2,2,2,2,2,2,2,2,2,2,2,2,2,2,2,2,2,2,2,2,2,2,2,2,2,2,2,2,2,2,2,2,2,2,2,2,2,2,2,2,2,2,2,2,2,2,2,2,2,2,2,2,2,2,2,2,
15,15,15,15,15,15,15,15,30,34,34,34,34,34,34,34,34,34,34,34,34,34,34,34,34,34,34,34,34,34,34,34,34,34,34,26,21,27,34,34,34,34,34,34,34,34,34,34,34,34,34,34,19,5,7,7,7,7,7,7,7,8,2,2,2,2,2,2,2,2,2,2,2,2,2,2,2,2,2,2,2,2,2,2,2,2,2,2,2,2,2,2,2,2,2,2,2,2,2,2,2,2,2,2,2,2,2,2,2,2,2,2,2,2,2,2,2,2,2,2,2,2,2,2,2,2,2,2,2,2,2,2,2,2,2,2,2,2,2,2,2,2,2,2,2,2,2,2,2,2,2,2,2,2,2,2,2,2,2,2,2,2,2,2,2,2,2,2,2,2,2,2,2,2,2,2,2,2,2,2,2,2,2,2,2,2,2,2,2,2,2,2,2,2,2,2,2,2,2,2,2,2,
15,15,15,15,15,15,15,15,15,15,15,15,15,15,15,15,15,15,15,15,15,15,15,15,15,15,15,15,15,0,23,0,0,0,24,22,21,35,24,0,0,17,0,0,0,0,0,0,0,0,0,0,0,5,7,7,7,7,7,7,7,8,2,2,2,2,2,2,2,2,2,2,2,2,2,2,2,2,2,2,2,2,2,2,2,2,2,2,2,2,2,2,2,2,2,2,2,2,2,2,2,2,2,2,2,2,2,2,2,2,2,2,2,2,2,2,2,2,2,2,2,2,2,2,2,2,2,2,2,2,2,2,2,2,2,2,2,2,2,2,2,2,2,2,2,2,2,2,2,2,2,2,2,2,2,2,2,2,2,2,2,2,2,2,2,2,2,2,2,2,2,2,2,2,2,2,2,2,2,2,2,2,2,2,2,2,2,2,2,2,2,2,2,2,2,2,2,2,2,2,2,2,
15,15,15,15,15,15,15,15,15,15,15,15,15,15,15,15,15,15,15,15,15,15,15,15,15,15,15,15,15,0,0,51,0,17,24,22,21,35,24,0,0,0,0,0,0,0,0,0,0,0,0,0,0,5,7,7,7,7,7,7,7,8,2,2,2,2,2,2,2,2,2,2,2,2,2,2,2,2,2,2,2,2,2,2,2,2,2,2,2,2,2,2,2,2,2,2,2,2,2,2,2,2,2,2,2,2,2,2,2,2,2,2,2,2,2,2,2,2,2,2,2,2,2,2,2,2,2,2,2,2,2,2,2,2,2,2,2,2,2,2,2,2,2,2,2,2,2,2,2,2,2,2,2,2,2,2,2,2,2,2,2,2,2,2,2,2,2,2,2,2,2,2,2,2,2,2,2,2,2,2,2,2,2,2,2,2,2,2,2,2,2,2,2,2,2,2,2,2,2,2,2,2,
15,15,15,15,14,14,14,14,14,14,14,14,14,14,14,14,14,14,14,14,14,14,14,14,14,14,14,14,14,0,0,0,0,0,24,22,21,35,24,0,0,0,0,0,0,0,0,0,0,0,0,0,0,5,7,7,7,7,7,7,7,45,49,2,2,2,2,2,2,2,2,2,2,2,2,2,2,2,2,2,2,2,2,2,2,2,2,2,2,2,2,2,2,2,2,2,2,2,2,2,2,2,2,2,2,2,2,2,2,2,2,2,2,2,2,2,2,2,2,2,2,2,2,2,2,2,2,2,2,2,2,2,2,2,2,2,2,2,2,2,2,2,2,2,2,2,2,2,2,2,2,2,2,2,2,2,2,2,2,2,2,2,2,2,2,2,2,2,2,2,2,2,2,2,2,2,2,2,2,2,2,2,2,2,2,2,2,2,2,2,2,2,2,2,2,2,2,2,2,2,2,2,
15,15,15,15,0,0,0,0,0,0,0,0,0,0,0,0,23,0,0,0,0,0,0,0,0,0,0,0,0,0,17,0,0,23,24,22,21,35,24,0,0,0,0,0,0,0,0,0,0,0,0,0,0,5,7,7,7,7,7,7,7,7,8,2,2,2,2,2,2,2,2,2,2,2,2,2,2,2,2,2,2,2,2,2,2,2,2,2,2,2,2,2,2,2,2,2,2,2,2,2,2,2,2,2,2,2,2,2,2,2,2,2,2,2,2,2,2,2,2,2,2,2,2,2,2,2,2,2,2,2,2,2,2,2,2,2,2,2,2,2,2,2,2,2,2,2,2,2,2,2,2,2,2,2,2,2,2,2,2,2,2,2,2,2,2,2,2,2,2,2,2,2,2,2,2,2,2,2,2,2,2,2,2,2,2,2,2,2,2,2,2,2,2,2,2,2,2,2,2,2,2,2,
15,15,15,15,0,0,23,0,51,0,0,23,0,51,0,0,0,52,0,0,0,23,0,51,0,0,17,0,52,23,0,0,51,0,0,22,21,35,0,0,0,0,0,0,0,0,0,0,0,0,0,0,0,5,7,7,7,7,7,7,7,7,8,2,2,2,2,2,2,2,2,2,2,2,2,2,2,2,2,2,2,2,2,2,2,2,2,2,2,2,2,2,2,2,2,2,2,2,2,2,2,2,2,2,2,2,2,2,2,2,2,2,2,2,2,2,2,2,2,2,2,2,2,2,2,2,2,2,2,2,2,2,2,2,2,2,2,2,2,2,2,2,2,2,2,2,2,2,2,2,2,2,2,2,2,2,2,2,2,2,2,2,2,2,2,2,2,2,2,2,2,2,2,2,2,2,2,2,2,2,2,2,2,2,2,2,2,2,2,2,2,2,2,2,2,2,2,2,2,2,2,2,
15,15,15,15,0,17,0,0,0,0,0,0,0,0,23,0,0,0,0,24,24,24,24,0,0,0,0,16,16,16,16,0,0,0,0,22,21,35,0,0,0,0,0,0,0,0,0,0,0,0,0,0,0,5,7,7,7,7,7,7,7,7,8,2,2,2,2,2,2,2,2,2,2,2,2,2,2,2,2,2,2,2,2,2,2,2,2,2,2,2,2,2,2,2,2,2,2,2,2,2,2,2,2,2,2,2,2,2,2,2,2,2,2,2,2,2,2,2,2,2,2,2,2,2,2,2,2,2,2,2,2,2,2,2,2,2,2,2,2,2,2,2,2,2,2,2,2,2,2,2,2,2,2,2,2,2,2,2,2,2,2,2,2,2,2,2,2,2,2,2,2,2,2,2,2,2,2,2,2,2,2,2,2,2,2,2,2,2,2,2,2,2,2,2,2,2,2,2,2,2,2,2,
15,15,15,15,0,0,0,0,0,0,0,0,0,17,0,0,29,36,36,36,36,36,36,36,36,36,36,36,36,36,36,36,36,36,36,25,21,35,0,0,0,0,0,0,0,0,0,0,0,0,0,0,0,33,37,37,37,37,37,41,7,7,8,2,2,2,2,2,2,2,2,2,2,2,2,2,2,2,2,2,2,2,2,2,2,2,2,2,2,2,2,2,2,2,2,2,2,2,2,2,2,2,2,2,2,2,2,2,2,2,2,2,2,2,2,2,2,2,2,2,2,2,2,2,2,2,2,2,2,2,2,2,2,2,2,2,2,2,2,2,2,2,2,2,2,2,2,2,2,2,2,2,2,2,2,2,2,2,2,2,2,2,2,2,2,2,2,2,2,2,2,2,2,2,2,2,2,2,2,2,2,2,2,2,2,2,2,2,2,2,2,2,2,2,2,2,2,2,2,2,2,2,
15,15,15,15,15,15,15,0,23,0,52,0,23,0,0,0,22,21,21,21,21,21,21,21,21,21,21,21,21,21,21,21,21,21,21,21,21,35,0,0,0,0,0,0,0,0,0,0,0,0,0,0,0,0,0,0,0,0,0,5,7,7,8,2,2,2,2,2,2,2,2,2,2,2,2,2,2,2,2,2,2,2,2,2,2,2,2,2,2,2,2,2,2,2,2,2,2,2,2,2,2,2,2,2,2,2,2,2,2,2,2,2,2,2,2,2,2,2,2,2,2,2,2,2,2,2,2,2,2,2,2,2,2,2,2,2,2,2,2,2,2,2,2,2,2,2,2,2,2,2,2,2,2,2,2,2,2,2,2,2,2,2,2,2,2,2,2,2,2,2,2,2,2,2,2,2,2,2,2,2,2,2,2,2,2,2,2,2,2,2,2,2,2,2,2,2,2,2,2,2,2,2,
15,15,15,15,15,15,15,0,0,0,0,0,0,0,51,0,22,21,27,34,34,34,34,34,34,34,34,34,34,34,34,34,34,34,34,34,34,19,0,0,0,0,0,0,0,0,0,0,0,0,0,0,0,0,0,0,0,0,0,5,7,7,8,2,2,2,2,2,2,2,2,2,2,2,2,2,2,2,2,2,2,2,2,2,2,2,2,2,2,2,2,2,2,2,2,2,2,2,2,2,2,2,2,2,2,2,2,2,2,2,2,2,2,2,2,2,2,2,2,2,2,2,2,2,2,2,2,2,2,2,2,2,2,2,2,2,2,2,2,2,2,2,2,2,2,2,2,2,2,2,2,2,2,2,2,2,2,2,2,2,2,2,2,2,2,2,2,2,2,2,2,2,2,2,2,2,2,2,2,2,2,2,2,2,2,2,2,2,2,2,2,2,2,2,2,2,2,2,2,2,2,2,
15,15,15,15,15,15,15,0,23,0,0,0,0,0,0,0,22,21,35,24,24,24,24,0,23,0,0,16,16,16,16,17,0,23,0,0,17,0,0,0,0,0,0,0,0,0,0,0,0,0,0,0,0,0,0,0,0,0,0,5,7,7,8,2,2,2,2,2,2,2,2,2,2,2,2,2,2,2,2,2,2,2,2,2,2,2,2,2,2,2,2,2,2,2,2,2,2,2,2,2,2,2,2,2,2,2,2,2,2,2,2,2,2,2,2,2,2,2,2,2,2,2,2,2,2,2,2,2,2,2,2,2,2,2,2,2,2,2,2,2,2,2,2,2,2,2,2,2,2,2,2,2,2,2,2,2,2,2,2,2,2,2,2,2,2,2,2,2,2,2,2,2,2,2,2,2,2,2,2,2,2,2,2,2,2,2,2,2,2,2,2,2,2,2,2,2,2,2,2,2,2,2,
15,15,15,15,15,15,15,0,0,51,0,0,52,0,0,17,22,21,35,0,0,0,0,17,0,0,0,0,0,23,0,0,0,0,0,0,0,0,0,0,0,0,0,0,0,0,0,0,0,0,0,0,0,0,0,0,0,0,0,5,7,7,8,2,2,2,2,2,2,2,2,2,2,2,2,2,2,2,2,2,2,2,2,2,2,2,2,2,2,2,2,2,2,2,2,2,2,2,2,2,2,2,2,2,2,2,2,2,2,2,2,2,2,2,2,2,2,2,2,2,2,2,2,2,2,2,2,2,2,2,2,2,2,2,2,2,2,2,2,2,2,2,2,2,2,2,2,2,2,2,2,2,2,2,2,2,2,2,2,2,2,2,2,2,2,2,2,2,2,2,2,2,2,2,2,2,2,2,2,2,2,2,2,2,2,2,2,2,2,2,2,2,2,2,2,2,2,2,2,2,2,2,
15,15,15,15,15,15,15,0,0,0,0,0,0,0,0,0,22,21,35,0,0,15,15,15,15,15,15,15,15,15,15,15,15,15,15,15,15,15,15,15,15,15,15,15,15,15,15,15,15,15,15,15,15,15,15,32,39,39,39,40,7,7,8,2,2,2,2,2,2,2,2,2,2,2,2,2,2,2,2,2,2,2,2,2,2,2,2,2,2,2,2,2,2,2,2,2,2,2,2,2,2,2,2,2,2,2,2,2,2,2,2,2,2,2,2,2,2,2,2,2,2,2,2,2,2,2,2,2,2,2,2,2,2,2,2,2,2,2,2,2,2,2,2,2,2,2,2,2,2,2,2,2,2,2,2,2,2,2,2,2,2,2,2,2,2,2,2,2,2,2,2,2,2,2,2,2,2,2,2,2,2,2,2,2,2,2,2,2,2,2,2,2,2,2,2,2,2,2,2,2,2,2,
15,15,15,15,15,15,15,0,0,0,17,0,0,23,0,0,22,21,35,0,0,15,15,15,15,15,15,15,15,15,15,15,15,15,15,15,15,15,15,15,15,15,15,15,15,15,15,15,15,15,15,15,15,15,15,5,46,11,11,11,11,11,50,2,2,2,2,2,2,2,48,9,9,9,9,9,9,9,9,49,2,2,2,2,2,2,2,2,2,2,2,2,2,2,2,2,2,2,2,2,2,2,2,2,2,2,2,2,2,2,2,2,2,2,2,2,2,2,2,2,2,2,2,2,2,2,2,2,2,2,2,2,2,2,2,2,2,2,2,2,2,2,2,2,2,2,2,2,2,2,2,2,2,2,2,2,2,2,2,2,2,2,2,2,2,2,2,2,2,2,2,2,2,2,2,2,2,2,2,2,2,2,2,2,2,2,2,2,2,2,2,2,2,2,2,2,2,2,2,2,2,2,
15,15,15,15,15,15,15,0,23,0,51,0,17,0,51,24,22,21,35,24,0,15,15,15,15,15,15,15,15,15,15,15,15,15,15,15,15,15,15,15,15,15,15,15,15,15,15,15,15,15,15,15,15,15,15,5,8,2,2,2,2,2,2,2,2,2,2,2,2,2,10,42,37,37,37,37,37,37,41,8,2,2,2,2,2,2,2,2,2,2,2,2,2,2,2,2,2,2,2,2,2,2,2,2,2,2,2,2,2,2,2,2,2,2,2,2,2,2,2,2,2,2,2,2,2,2,2,2,2,2,2,2,2,2,2,2,2,2,2,2,2,2,2,2,2,2,2,2,2,2,2,2,2,2,2,2,2,2,2,2,2,2,2,2,2,2,2,2,2,2,2,2,2,2,2,2,2,2,2,2,2,2,2,2,2,2,2,2,2,2,2,2,2,2,2,2,2,2,2,2,2,2,
15,15,15,15,15,15,15,0,0,0,0,0,0,0,0,24,22,21,35,24,0,15,15,15,15,15,15,15,15,15,15,15,15,15,15,15,15,15,15,15,15,15,15,15,15,15,15,15,15,15,15,15,15,15,15,5,8,2,2,2,2,2,2,2,2,2,2,2,2,2,10,38,15,15,15,15,15,15,5,8,2,2,2,2,2,2,2,2,2,2,2,2,2,2,2,2,2,2,2,2,2,2,2,2,2,2,2,2,2,2,2,2,2,2,2,2,2,2,2,2,2,2,2,2,2,2,2,2,2,2,2,2,2,2,2,2,2,2,2,2,2,2,2,2,2,2,2,2,2,2,2,2,2,2,2,2,2,2,2,2,2,2,2,2,2,2,2,2,2,2,2,2,2,2,2,2,2,2,2,2,2,2,2,2,2,2,2,2,2,2,2,2,2,2,2,2,2,2,2,2,2,2,
15,15,15,15,15,15,15,17,0,0,23,0,52,0,17,24,22,21,35,24,0,15,15,15,15,15,15,15,15,15,15,15,15,15,15,15,15,15,15,15,15,15,15,15,15,15,15,15,15,15,15,15,15,15,15,5,8,2,2,2,2,2,2,2,2,2,2,2,2,2,10,38,15,15,15,15,15,15,5,8,2,2,2,2,2,2,2,2,2,2,2,2,2,2,2,2,2,2,2,2,2,2,2,2,2,2,2,2,2,2,2,2,2,2,2,2,2,2,2,2,2,2,2,2,2,2,2,2,2,2,2,2,2,2,2,2,2,2,2,2,2,2,2,2,2,2,2,2,2,2,2,2,2,2,2,2,2,2,2,2,2,2,2,2,2,2,2,2,2,2,2,2,2,2,2,2,2,2,2,2,2,2,2,2,2,2,2,2,2,2,2,2,2,2,2,2,2,2,2,2,2,2,
15,15,15,15,15,15,15,0,0,51,0,0,0,0,0,24,22,21,35,24,0,14,14,14,14,14,14,14,14,14,14,14,14,14,14,15,15,15,15,15,15,15,15,15,15,15,15,15,15,15,15,15,15,15,15,5,8,2,2,2,2,2,2,2,2,2,2,2,2,2,10,38,15,15,15,15,15,15,5,8,2,2,2,2,2,2,2,2,2,2,2,2,2,2,2,2,2,2,2,2,2,2,2,2,2,2,2,2,2,2,2,2,2,2,2,2,2,2,2,2,2,2,2,2,2,2,2,2,2,2,2,2,2,2,2,2,2,2,2,2,2,2,2,2,2,2,2,2,2,2,2,2,2,2,2,2,2,2,2,2,2,2,2,2,2,2,2,2,2,2,2,2,2,2,2,2,2,2,2,2,2,2,2,2,2,2,2,2,2,2,2,2,2,2,2,2,2,2,2,2,2,2,
15,15,15,15,15,15,15,0,0,0,0,0,17,0,0,0,22,21,35,0,0,0,0,0,0,0,0,0,0,0,0,0,0,0,0,15,15,15,15,15,15,15,15,15,15,15,15,15,15,15,15,15,15,15,15,5,8,2,2,2,2,2,2,2,2,2,2,2,2,2,10,38,15,15,15,15,15,15,5,8,2,2,2,2,2,2,2,2,2,2,2,2,2,2,2,2,2,2,2,2,2,2,2,2,2,2,2,2,2,2,2,2,2,2,2,2,2,2,2,2,2,2,2,2,2,2,2,2,2,2,2,2,2,2,2,2,2,2,2,2,2,2,2,2,2,2,2,2,2,2,2,2,2,2,2,2,2,2,2,2,2,2,2,2,2,2,2,2,2,2,2,2,2,2,2,2,2,2,2,2,2,2,2,2,2,2,2,2,2,2,2,2,2,2,2,2,2,2,2,2,2,2,
15,15,15,15,15,15,15,15,15,15,15,0,0,51,0,0,22,21,35,0,0,15,15,15,15,15,15,15,15,15,15,0,0,0,0,15,15,15,15,15,15,15,15,15,15,15,15,15,15,15,15,15,15,15,15,5,8,2,2,2,2,2,2,2,2,2,2,2,2,2,10,38,15,15,15,15,15,15,5,8,2,2,2,2,2,2,2,2,2,2,2,2,2,2,2,2,2,2,2,2,2,2,2,2,2,2,2,2,2,2,2,2,2,2,2,2,2,2,2,2,2,2,2,2,2,2,2,2,2,2,2,2,2,2,2,2,2,2,2,2,2,2,2,2,2,2,2,2,2,2,2,2,2,2,2,2,2,2,2,2,2,2,2,2,2,2,2,2,2,2,2,2,2,2,2,2,2,2,2,2,2,2,2,2,2,2,2,2,2,2,2,2,2,2,2,2,2,2,2,2,2,2,
15,15,15,15,15,15,15,15,15,15,15,0,0,0,0,0,22,21,35,0,0,15,15,15,15,15,15,15,15,15,15,0,0,0,0,15,15,15,15,15,15,15,15,15,15,15,15,15,15,15,15,15,15,15,15,5,45,9,9,9,9,9,9,9,9,9,9,9,9,9,44,38,15,15,15,15,15,15,5,8,2,2,2,2,2,2,2,2,2,2,2,2,2,2,2,2,2,2,2,2,2,2,2,2,2,2,2,2,2,2,2,2,2,2,2,2,2,2,2,2,2,2,2,2,2,2,2,2,2,2,2,2,2,2,2,2,2,2,2,2,2,2,2,2,2,2,2,2,2,2,2,2,2,2,2,2,2,2,2,2,2,2,2,2,2,2,2,2,2,2,2,2,2,2,2,2,2,2,2,2,2,2,2,2,2,2,2,2,2,2,2,2,2,2,2,2,2,2,2,2,2,2,
15,15,15,15,15,15,15,15,15,15,15,0,0,0,0,0,22,21,35,0,0,15,15,60,59,59,59,59,59,59,63,0,0,0,0,15,15,15,15,15,15,15,15,15,15,15,15,15,15,15,15,15,15,15,15,33,37,37,37,37,37,37,37,37,37,37,37,37,37,37,37,13,15,15,15,15,15,15,5,8,2,2,2,2,2,2,2,2,2,2,2,2,2,2,2,2,2,2,2,2,2,2,2,2,2,2,2,2,2,2,2,2,2,2,2,2,2,2,2,2,2,2,2,2,2,2,2,2,2,2,2,2,2,2,2,2,2,2,2,2,2,2,2,2,2,2,2,2,2,2,2,2,2,2,2,2,2,2,2,2,2,2,2,2,2,2,2,2,2,2,2,2,2,2,2,2,2,2,2,2,2,2,2,2,2,2,2,2,2,2,2,2,2,2,2,2,2,2,2,2,2,2,
15,15,15,15,15,15,15,15,15,15,15,17,0,52,0,16,22,21,35,16,0,15,15,58,56,56,56,56,56,56,62,0,0,0,0,15,15,14,14,14,14,14,14,14,14,14,14,14,14,14,14,14,14,14,14,0,0,0,0,0,0,0,0,0,0,0,0,0,0,0,0,0,14,14,15,15,15,15,5,8,2,2,2,2,2,2,2,2,2,2,2,2,2,2,2,2,2,2,2,2,2,2,2,2,2,2,2,2,2,2,2,2,2,2,2,2,2,2,2,2,2,2,2,2,2,2,2,2,2,2,2,2,2,2,2,2,2,2,2,2,2,2,2,2,2,2,2,2,2,2,2,2,2,2,2,2,2,2,2,2,2,2,2,2,2,2,2,2,2,2,2,2,2,2,2,2,2,2,2,2,2,2,2,2,2,2,2,2,2,2,2,2,2,2,2,2,2,2,2,2,2,2,
14,15,14,14,14,14,14,14,14,14,14,0,0,0,0,16,22,21,35,16,0,15,15,61,57,57,57,57,57,57,64,0,0,0,0,15,15,0,0,0,0,0,0,0,0,0,0,0,0,0,0,0,0,0,0,0,0,0,0,0,0,0,0,0,0,0,0,0,0,0,0,0,0,0,15,15,15,15,5,8,2,2,2,2,2,2,2,2,2,2,2,2,2,2,2,2,2,2,2,2,2,2,2,2,2,2,2,2,2,2,2,2,2,2,2,2,2,2,2,2,2,2,2,2,2,2,2,2,2,2,2,2,2,2,2,2,2,2,2,2,2,2,2,2,2,2,2,2,2,2,2,2,2,2,2,2,2,2,2,2,2,2,2,2,2,2,2,2,2,2,2,2,2,2,2,2,2,2,2,2,2,2,2,2,2,2,2,2,2,2,2,2,2,2,2,2,2,2,2,2,2,2,
0,14,15,0,0,0,0,0,0,0,23,0,0,51,0,16,22,21,35,16,0,15,15,53,55,53,55,53,53,55,53,0,0,0,0,15,15,0,0,15,15,15,15,15,15,15,15,15,15,15,15,15,15,15,15,32,39,39,39,39,39,39,39,39,39,39,39,39,31,15,15,15,15,0,15,15,15,15,5,8,2,2,2,2,2,2,2,2,2,2,2,2,2,2,2,2,2,2,2,2,2,2,2,2,2,2,2,2,2,2,2,2,2,2,2,2,2,2,2,2,2,2,2,2,2,2,2,2,2,2,2,2,2,2,2,2,2,2,2,2,2,2,2,2,2,2,2,2,2,2,2,2,2,2,2,2,2,2,2,2,2,2,2,2,2,2,2,2,2,2,2,2,2,2,2,2,2,2,2,2,2,2,2,2,2,2,2,2,2,2,2,2,2,2,2,2,2,2,2,2,2,2,
0,0,14,60,59,63,0,0,0,0,0,0,0,0,0,16,22,21,35,16,0,15,15,53,53,53,53,53,54,53,53,0,0,0,0,15,15,0,0,15,15,15,15,15,15,15,15,15,15,15,15,15,15,15,15,5,46,11,11,11,11,11,11,11,11,11,11,43,38,15,15,15,15,0,15,15,15,15,5,8,2,2,2,2,2,2,2,2,2,2,2,2,2,2,2,2,2,2,2,2,2,2,2,2,2,2,2,2,2,2,2,2,2,2,2,2,2,2,2,2,2,2,2,2,2,2,2,2,2,2,2,2,2,2,2,2,2,2,2,2,2,2,2,2,2,2,2,2,2,2,2,2,2,2,2,2,2,2,2,2,2,2,2,2,2,2,2,2,2,2,2,2,2,2,2,2,2,2,2,2,2,2,2,2,2,2,2,2,2,2,2,2,2,2,2,2,2,2,2,2,2,2,
0,0,0,61,57,64,0,0,0,17,0,0,0,0,0,0,22,21,35,0,0,15,15,24,0,0,0,30,34,19,24,0,0,0,0,15,15,0,0,15,15,15,15,15,15,15,15,15,15,15,15,15,15,15,15,5,8,2,2,2,2,2,2,2,2,2,2,10,38,15,15,15,15,0,15,15,15,15,5,8,2,2,2,2,2,2,2,2,2,2,2,2,2,2,2,2,2,2,2,2,2,2,2,2,2,2,2,2,2,2,2,2,2,2,2,2,2,2,2,2,2,2,2,2,2,2,2,2,2,2,2,2,2,2,2,2,2,2,2,2,2,2,2,2,2,2,2,2,2,2,2,2,2,2,2,2,2,2,2,2,2,2,2,2,2,2,2,2,2,2,2,2,2,2,2,2,2,2,2,2,2,2,2,2,2,2,2,2,2,2,2,2,2,2,2,2,2,2,2,2,2,2,
15,15,0,53,54,53,0,0,0,0,0,0,0,0,0,0,22,21,35,0,0,15,15,17,23,32,39,39,39,39,39,31,0,0,0,15,15,0,0,15,15,15,15,15,15,15,15,15,15,15,15,15,15,15,15,5,8,2,2,2,2,2,2,2,2,2,2,10,38,15,15,15,15,0,15,15,15,15,5,8,2,2,2,2,2,2,2,2,2,2,2,2,2,2,2,2,2,2,2,2,2,2,2,2,2,2,2,2,2,2,2,2,2,2,2,2,2,2,2,2,2,2,2,2,2,2,2,2,2,2,2,2,2,2,2,2,2,2,2,2,2,2,2,2,2,2,2,2,2,2,2,2,2,2,2,2,2,2,2,2,2,2,2,2,2,2,2,2,2,2,2,2,2,2,2,2,2,2,2,2,2,2,2,2,2,2,2,2,2,2,2,2,2,2,2,2,2,2,2,2,2,2,
15,15,15,22,21,20,36,36,36,36,36,36,36,36,36,36,25,21,35,0,0,15,15,23,17,5,46,11,11,11,43,38,0,0,0,15,15,0,0,15,15,15,15,15,15,15,15,15,15,15,15,15,15,15,15,5,8,2,2,2,2,2,2,2,2,2,2,10,38,15,15,15,14,0,14,15,15,15,5,8,2,2,2,2,2,2,2,2,2,2,2,2,2,2,2,2,2,2,2,2,2,2,2,2,2,2,2,2,2,2,2,2,2,2,2,2,2,2,2,2,2,2,2,2,2,2,2,2,2,2,2,2,2,2,2,2,2,2,2,2,2,2,2,2,2,2,2,2,2,2,2,2,2,2,2,2,2,2,2,2,2,2,2,2,2,2,2,2,2,2,2,2,2,2,2,2,2,2,2,2,2,2,2,2,2,2,2,2,2,2,2,2,2,2,2,2,2,2,2,2,2,2,
15,15,14,22,21,21,21,21,21,21,21,21,21,21,21,21,21,21,35,0,0,15,15,52,17,5,45,9,9,9,44,38,0,0,0,14,14,0,0,15,15,15,15,15,15,15,15,15,15,15,15,15,15,15,15,5,8,2,2,2,2,2,2,2,2,2,2,10,38,15,15,15,23,17,23,15,15,15,5,8,2,2,2,2,2,2,2,2,2,2,2,2,2,2,2,2,2,2,2,2,2,2,2,2,2,2,2,2,2,2,2,2,2,2,2,2,2,2,2,2,2,2,2,2,2,2,2,2,2,2,2,2,2,2,2,2,2,2,2,2,2,2,2,2,2,2,2,2,2,2,2,2,2,2,2,2,2,2,2,2,2,2,2,2,2,2,2,2,2,2,2,2,2,2,2,2,2,2,2,2,2,2,2,2,2,2,2,2,2,2,2,2,2,2,2,2,2,2,2,2,2,2,
15,15,0,30,34,34,34,34,34,34,34,34,34,34,34,34,26,21,35,0,0,15,15,15,15,33,37,37,37,37,37,13,0,0,0,0,0,0,0,15,15,15,15,15,15,15,15,15,15,15,15,15,15,15,15,5,8,2,2,2,2,2,2,2,2,2,2,10,38,15,15,14,17,51,17,14,15,15,5,8,2,2,2,2,2,2,2,2,2,2,2,2,2,2,2,2,2,2,2,2,2,2,2,2,2,2,2,2,2,2,2,2,2,2,2,2,2,2,2,2,2,2,2,2,2,2,2,2,2,2,2,2,2,2,2,2,2,2,2,2,2,2,2,2,2,2,2,2,2,2,2,2,2,2,2,2,2,2,2,2,2,2,2,2,2,2,2,2,2,2,2,2,2,2,2,2,2,2,2,2,2,2,2,2,2,2,2,2,2,2,2,2,2,2,2,2,2,2,2,2,2,2,
15,15,0,0,0,0,0,0,0,0,0,0,0,0,0,0,22,21,35,0,0,15,15,15,15,15,15,15,15,15,15,15,15,15,15,15,15,15,15,15,15,15,15,15,15,15,15,15,15,15,15,15,15,15,15,5,8,2,2,2,2,2,2,2,2,2,2,10,38,15,15,17,23,17,23,17,15,15,5,8,2,2,2,2,2,2,2,2,2,2,2,2,2,2,2,2,2,2,2,2,2,2,2,2,2,2,2,2,2,2,2,2,2,2,2,2,2,2,2,2,2,2,2,2,2,2,2,2,2,2,2,2,2,2,2,2,2,2,2,2,2,2,2,2,2,2,2,2,2,2,2,2,2,2,2,2,2,2,2,2,2,2,2,2,2,2,2,2,2,2,2,2,2,2,2,2,2,2,2,2,2,2,2,2,2,2,2,2,2,2,2,2,2,2,2,2,2,2,2,2,2,2,
15,15,15,0,0,16,16,16,16,16,16,16,0,0,0,0,22,21,35,0,0,14,14,14,14,14,14,14,14,14,14,14,14,14,14,14,14,14,14,14,14,14,14,14,14,14,14,14,14,14,14,14,14,14,14,5,8,2,2,2,2,2,2,2,2,2,2,10,38,15,15,15,15,15,15,15,15,15,5,8,2,2,2,2,2,2,2,2,2,2,2,2,2,2,2,2,2,2,2,2,2,2,2,2,2,2,2,2,2,2,2,2,2,2,2,2,2,2,2,2,2,2,2,2,2,2,2,2,2,2,2,2,2,2,2,2,2,2,2,2,2,2,2,2,2,2,2,2,2,2,2,2,2,2,2,2,2,2,2,2,2,2,2,2,2,2,2,2,2,2,2,2,2,2,2,2,2,2,2,2,2,2,2,2,2,2,2,2,2,2,2,2,2,2,2,2,2,2,2,2,2,2,
15,15,15,15,15,0,0,0,0,0,0,0,0,23,0,0,22,21,35,0,0,0,0,0,0,17,0,0,0,0,0,0,0,0,0,0,0,0,0,0,0,0,0,0,0,0,0,0,0,0,0,0,0,0,0,5,8,2,2,2,2,2,2,2,2,2,2,10,38,15,15,15,15,15,15,15,15,15,5,8,2,2,2,2,2,2,2,2,2,2,2,2,2,2,2,2,2,2,2,2,2,2,2,2,2,2,2,2,2,2,2,2,2,2,2,2,2,2,2,2,2,2,2,2,2,2,2,2,2,2,2,2,2,2,2,2,2,2,2,2,2,2,2,2,2,2,2,2,2,2,2,2,2,2,2,2,2,2,2,2,2,2,2,2,2,2,2,2,2,2,2,2,2,2,2,2,2,2,2,2,2,2,2,2,2,2,2,2,2,2,2,2,2,2,2,2,2,2,2,2,2,2,
15,15,15,15,15,0,0,0,0,0,0,0,0,0,0,0,22,21,35,0,0,0,0,0,0,0,0,0,51,0,0,0,0,0,0,0,51,0,0,0,0,0,0,0,0,0,0,0,0,0,0,0,0,0,0,5,8,2,2,2,2,2,2,2,2,2,2,10,38,14,14,14,14,14,14,14,14,14,5,8,2,2,2,2,2,2,2,2,2,2,2,2,2,2,2,2,2,2,2,2,2,2,2,2,2,2,2,2,2,2,2,2,2,2,2,2,2,2,2,2,2,2,2,2,2,2,2,2,2,2,2,2,2,2,2,2,2,2,2,2,2,2,2,2,2,2,2,2,2,2,2,2,2,2,2,2,2,2,2,2,2,2,2,2,2,2,2,2,2,2,2,2,2,2,2,2,2,2,2,2,2,2,2,2,2,2,2,2,2,2,2,2,2,2,2,2,2,2,2,2,2,2,
15,15,15,15,15,15,0,23,0,0,0,0,0,0,0,0,22,21,35,0,0,0,0,0,0,23,0,0,0,0,0,0,52,0,0,0,0,0,0,0,0,0,0,0,0,23,0,0,0,0,0,17,0,0,0,5,8,2,2,2,2,2,2,2,2,2,2,10,12,39,39,39,39,39,39,39,39,39,40,8,2,2,2,2,2,2,2,2,2,2,2,2,2,2,2,2,2,2,2,2,2,2,2,2,2,2,2,2,2,2,2,2,2,2,2,2,2,2,2,2,2,2,2,2,2,2,2,2,2,2,2,2,2,2,2,2,2,2,2,2,2,2,2,2,2,2,2,2,2,2,2,2,2,2,2,2,2,2,2,2,2,2,2,2,2,2,2,2,2,2,2,2,2,2,2,2,2,2,2,2,2,2,2,2,2,2,2,2,2,2,2,2,2,2,2,2,2,2,2,2,2,2,
15,15,15,15,15,15,0,0,0,0,0,0,0,0,17,0,22,21,35,0,17,0,0,0,0,0,0,0,0,0,0,0,0,0,0,0,23,0,0,0,51,0,0,0,0,0,0,0,0,0,0,0,0,0,0,5,8,2,2,2,2,2,2,2,2,2,2,47,11,11,11,11,11,11,11,11,11,11,11,50,2,2,2,2,2,2,2,2,2,2,2,2,2,2,2,2,2,2,2,2,2,2,2,2,2,2,2,2,2,2,2,2,2,2,2,2,2,2,2,2,2,2,2,2,2,2,2,2,2,2,2,2,2,2,2,2,2,2,2,2,2,2,2,2,2,2,2,2,2,2,2,2,2,2,2,2,2,2,2,2,2,2,2,2,2,2,2,2,2,2,2,2,2,2,2,2,2,2,2,2,2,2,2,2,2,2,2,2,2,2,2,2,2,2,2,2,2,2,2,2,2,2,
15,15,15,14,15,14,0,0,0,60,59,63,0,0,0,16,22,21,35,0,0,0,0,0,0,0,0,0,0,0,0,0,0,0,0,0,0,0,0,0,0,0,0,0,0,0,0,0,0,0,0,0,0,0,0,5,8,2,2,2,2,2,2,2,2,2,2,2,2,2,2,2,2,2,2,2,2,2,2,2,2,2,2,2,2,2,2,2,2,2,2,2,2,2,2,2,2,2,2,2,2,2,2,2,2,2,2,2,2,2,2,2,2,2,2,2,2,2,2,2,2,2,2,2,2,2,2,2,2,2,2,2,2,2,2,2,2,2,2,2,2,2,2,2,2,2,2,2,2,2,2,2,2,2,2,2,2,2,2,2,2,2,2,2,2,2,2,2,2,2,2,2,2,2,2,2,2,2,2,2,2,2,2,2,2,2,2,2,2,2,2,2,2,2,2,2,2,2,2,2,2,2,
15,15,14,15,15,0,0,0,0,61,57,64,0,0,0,16,22,21,35,0,0,0,0,23,0,0,0,0,17,0,0,0,51,0,0,0,0,0,0,0,0,0,0,0,0,0,0,0,0,0,0,0,0,0,0,5,8,2,2,2,2,2,2,2,2,2,2,2,2,2,2,2,2,2,2,2,2,2,2,2,2,2,2,2,2,2,2,2,2,2,2,2,2,2,2,2,2,2,2,2,2,2,2,2,2,2,2,2,2,2,2,2,2,2,2,2,2,2,2,2,2,2,2,2,2,2,2,2,2,2,2,2,2,2,2,2,2,2,2,2,2,2,2,2,2,2,2,2,2,2,2,2,2,2,2,2,2,2,2,2,2,2,2,2,2,2,2,2,2,2,2,2,2,2,2,2,2,2,2,2,2,2,2,2,2,2,2,2,2,2,2,2,2,2,2,2,2,2,2,2,2,2,
15,15,0,15,14,17,0,0,0,53,54,53,0,23,0,16,22,21,35,52,0,0,0,0,0,0,0,0,0,0,0,0,0,0,0,0,0,0,0,0,0,60,59,59,59,59,59,59,59,63,0,0,0,0,0,5,8,2,2,2,2,2,2,2,2,2,2,2,2,2,2,2,2,2,2,2,2,2,2,2,2,2,2,2,2,2,2,2,2,2,2,2,2,2,2,2,2,2,2,2,2,2,2,2,2,2,2,2,2,2,2,2,2,2,2,2,2,2,2,2,2,2,2,2,2,2,2,2,2,2,2,2,2,2,2,2,2,2,2,2,2,2,2,2,2,2,2,2,2,2,2,2,2,2,2,2,2,2,2,2,2,2,2,2,2,2,2,2,2,2,2,2,2,2,2,2,2,2,2,2,2,2,2,2,2,2,2,2,2,2,2,2,2,2,2,2,2,2,2,2,2,2,
15,15,15,14,0,0,0,0,0,22,21,20,36,36,36,36,25,21,20,36,36,36,36,36,36,36,36,36,36,36,36,36,36,36,36,28,0,0,23,0,0,58,56,56,56,56,56,56,56,62,0,0,0,0,0,5,8,2,2,2,2,2,2,2,2,2,2,71,71,71,2,2,2,2,2,2,2,2,2,2,2,2,2,2,2,2,2,2,2,2,2,2,2,2,2,2,2,2,2,2,2,2,2,2,2,2,2,2,2,2,2,2,2,2,2,2,2,2,2,2,2,2,2,2,2,2,2,2,2,2,2,2,2,2,2,2,2,2,2,2,2,2,2,2,2,2,2,2,2,2,2,2,2,2,2,2,2,2,2,2,2,2,2,2,2,2,2,2,2,2,2,2,2,2,2,2,2,2,2,2,2,2,2,2,2,2,2,2,2,2,2,2,2,2,2,2,2,2,2,2,2,2,
15,15,15,15,0,0,0,23,0,22,21,21,21,21,21,21,21,21,21,21,21,21,21,21,21,21,21,21,21,21,21,21,21,21,21,35,0,0,0,0,0,58,56,56,56,56,56,56,56,62,0,0,17,0,0,5,8,2,2,2,2,2,2,2,2,2,2,70,71,70,2,2,2,2,2,2,2,2,2,2,2,2,2,2,2,2,2,2,2,2,2,2,2,2,2,2,2,2,2,2,2,2,2,2,2,2,2,2,2,2,2,2,2,2,2,2,2,2,2,2,2,2,2,2,2,2,2,2,2,2,2,2,2,2,2,2,2,2,2,2,2,2,2,2,2,2,2,2,2,2,2,2,2,2,2,2,2,2,2,2,2,2,2,2,2,2,2,2,2,2,2,2,2,2,2,2,2,2,2,2,2,2,2,2,2,2,2,2,2,2,2,2,2,2,2,2,2,2,2,2,2,2,
15,15,15,15,0,0,0,0,0,30,34,34,34,34,34,34,26,21,27,34,34,34,34,34,34,34,34,34,34,34,34,34,34,26,21,35,0,0,0,0,0,61,57,57,57,57,57,57,57,64,0,0,0,0,0,5,8,2,2,2,2,2,2,2,2,2,2,2,71,2,2,2,2,2,2,2,2,2,2,2,2,2,2,2,2,2,2,2,2,2,2,2,2,2,2,2,2,2,2,2,2,2,2,2,2,2,2,2,2,2,2,2,2,2,2,2,2,2,2,2,2,2,2,2,2,2,2,2,2,2,2,2,2,2,2,2,2,2,2,2,2,2,2,2,2,2,2,2,2,2,2,2,2,2,2,2,2,2,2,2,2,2,2,2,2,2,2,2,2,2,2,2,2,2,2,2,2,2,2,2,2,2,2,2,2,2,2,2,2,2,2,2,2,2,2,2,2,2,2,2,2,2,
15,15,15,15,0,60,59,59,59,63,0,17,0,0,0,0,22,21,35,0,17,0,0,0,0,0,60,59,59,63,0,23,0,22,21,35,0,0,0,0,0,53,55,53,55,53,55,53,55,53,0,0,0,0,0,5,8,2,2,2,2,2,2,2,2,2,2,2,71,2,2,2,2,2,2,2,2,2,2,2,2,2,2,2,2,2,2,2,2,2,2,2,2,2,2,2,2,2,2,2,2,2,2,2,2,2,2,2,2,2,2,2,2,2,2,2,2,2,2,2,2,2,2,2,2,2,2,2,2,2,2,2,2,2,2,2,2,2,2,2,2,2,2,2,2,2,2,2,2,2,2,2,2,2,2,2,2,2,2,2,2,2,2,2,2,2,2,2,2,2,2,2,2,2,2,2,2,2,2,2,2,2,2,2,2,2,2,2,2,2,2,2,2,2,2,2,2,2,2,2,2,2,
15,15,15,15,0,61,57,57,57,64,0,0,16,16,16,16,22,21,35,0,0,0,23,0,0,0,61,57,57,64,0,0,0,22,21,35,52,0,0,0,0,53,53,55,53,55,53,55,53,53,0,0,0,0,0,5,45,9,9,9,9,9,9,9,9,9,9,9,71,9,9,9,9,92,88,88,88,88,88,88,88,88,88,88,88,88,88,88,88,88,88,88,88,88,88,88,88,88,88,88,88,88,88,88,88,88,88,88,88,88,88,88,88,88,88,88,88,88,88,88,88,88,88,88,88,88,88,88,88,88,88,88,88,88,88,88,88,88,88,88,88,88,88,88,88,88,88,93,2,2,2,2,2,2,2,2,2,2,2,2,2,2,2,2,2,2,2,2,2,2,2,2,2,2,2,2,2,2,2,2,2,2,2,2,2,2,2,2,2,2,2,2,2,2,2,2,2,2,2,2,2,2,
15,15,15,15,0,53,53,54,53,53,36,36,36,36,36,36,25,21,20,36,36,36,36,36,36,36,53,53,54,53,0,0,0,22,21,35,52,52,0,0,0,53,55,53,55,53,55,60,59,59,59,59,63,0,0,33,37,37,37,37,37,37,37,37,37,37,37,37,71,37,37,37,37,91,0,0,0,0,0,0,0,0,0,0,0,0,15,15,15,15,15,15,15,15,15,15,15,15,15,15,15,15,15,15,15,15,15,15,15,15,15,15,15,15,15,15,15,15,15,15,15,15,15,15,15,0,0,0,0,0,0,0,0,0,0,0,0,0,0,0,0,0,0,0,0,0,0,89,2,2,2,2,2,2,2,2,2,2,2,92,88,88,88,88,88,88,88,88,88,88,88,88,88,88,88,88,88,88,88,88,88,88,88,88,88,88,88,88,88,88,88,88,88,88,88,88,88,88,88,88,93,2,
15,15,15,14,0,0,22,21,21,21,21,21,21,21,21,21,21,21,21,21,21,21,21,21,21,21,21,21,21,35,0,0,0,22,21,20,36,36,36,36,36,53,54,53,53,54,53,61,57,57,57,57,64,0,0,0,0,0,0,0,0,0,0,0,0,0,0,0,0,0,0,0,0,91,0,0,0,0,0,0,0,0,0,0,0,0,14,14,14,15,15,15,15,15,15,15,15,15,15,15,15,15,15,15,15,15,15,15,15,15,15,15,15,15,15,15,15,15,15,15,15,15,15,15,15,15,15,15,15,15,15,15,15,15,15,15,15,15,15,15,15,15,15,15,15,15,15,89,2,2,2,2,2,2,2,2,2,2,2,91,15,15,15,15,15,15,15,15,15,15,15,15,15,15,15,15,15,15,15,15,15,15,15,15,15,15,15,15,15,15,15,15,15,15,15,15,15,15,15,15,15,88,
88,88,93,0,0,0,30,34,34,34,34,34,34,34,34,34,26,21,27,34,34,34,34,34,34,34,34,34,34,19,0,0,0,22,21,21,21,21,21,21,21,21,21,21,21,21,21,53,54,53,53,53,53,0,0,0,0,0,0,0,0,0,0,0,0,0,0,0,0,0,0,0,0,91,0,0,0,0,0,0,0,0,0,0,0,0,0,0,15,14,14,14,14,14,14,14,14,14,14,14,14,14,14,14,14,14,14,14,14,14,14,14,14,14,14,14,14,14,14,14,14,14,14,14,14,14,14,14,14,14,14,14,14,14,14,14,14,14,14,14,14,14,14,14,14,14,14,89,2,2,2,2,2,2,2,2,2,2,2,91,14,14,14,14,14,14,14,14,14,14,14,14,14,14,14,14,14,14,14,14,14,14,14,14,14,14,14,14,14,14,14,14,14,14,14,14,14,14,14,14,14,15,
15,15,89,15,60,59,59,59,63,0,0,0,0,0,0,0,22,21,35,0,0,17,0,0,0,0,60,59,59,59,63,0,23,22,21,27,34,34,34,34,34,34,34,34,34,26,21,21,21,35,0,0,0,0,0,0,0,0,0,52,0,0,0,0,0,17,0,0,0,0,0,0,0,91,0,0,0,0,0,17,0,0,0,0,0,0,15,15,15,0,0,29,36,36,36,36,36,36,36,36,36,36,36,36,36,36,36,36,36,36,36,36,36,36,36,36,36,36,36,36,36,36,36,36,36,36,36,36,36,36,36,36,36,36,36,36,36,36,36,36,36,36,36,36,36,36,36,36,69,2,2,2,2,2,2,2,2,2,69,36,36,36,36,36,36,36,36,36,36,36,36,36,36,36,36,36,36,36,36,36,36,36,36,36,36,36,36,36,36,36,36,36,36,36,36,36,36,36,36,36,28,15,
15,15,89,15,61,57,57,57,64,0,0,23,0,0,0,52,22,21,35,0,0,0,0,51,17,0,61,57,57,57,64,0,0,22,21,35,0,0,0,0,0,0,0,0,0,30,34,34,34,19,0,0,0,0,0,0,0,0,0,0,0,0,0,0,0,0,0,0,0,0,0,0,0,91,0,0,0,0,0,0,0,0,0,0,0,0,14,14,14,0,0,22,21,21,21,21,21,21,21,21,21,21,21,21,21,21,21,21,21,21,21,21,21,21,21,21,21,21,21,21,21,21,21,21,21,21,21,21,21,21,21,21,21,21,21,21,21,21,21,21,21,21,21,21,21,21,21,21,69,2,2,2,2,2,2,2,2,2,69,21,21,21,21,21,21,21,21,21,21,21,21,21,21,21,21,21,21,21,21,21,21,21,21,21,21,21,21,21,21,21,21,21,21,21,21,21,21,21,21,21,35,15,
14,14,89,14,53,55,53,55,53,36,36,36,36,36,36,36,25,21,20,36,36,36,36,36,36,36,53,54,53,54,53,0,0,22,21,35,0,0,0,0,0,0,0,0,0,0,0,0,0,0,0,0,0,0,0,0,0,0,0,0,0,0,0,0,0,0,0,0,0,0,0,0,0,91,0,0,0,0,0,0,0,0,0,0,0,0,15,0,0,0,0,22,21,27,34,34,34,34,34,34,34,34,34,34,34,34,34,34,34,34,34,34,34,34,34,34,34,34,34,34,34,34,34,34,34,34,34,34,34,34,34,34,34,34,34,34,34,34,34,34,34,34,34,34,34,34,34,34,69,2,2,2,2,2,2,2,2,2,69,34,34,34,34,34,34,34,34,34,34,34,34,34,34,34,34,34,34,34,34,34,34,34,34,34,34,34,34,34,34,34,34,34,34,34,34,34,34,34,26,21,35,15,
0,0,89,0,53,53,54,53,53,21,21,21,21,21,21,21,21,21,21,21,21,21,21,21,21,21,21,21,21,21,35,0,0,22,21,35,0,0,0,15,0,0,0,0,0,0,0,0,0,0,0,0,0,0,0,0,0,0,0,0,0,0,0,0,0,0,0,23,0,0,0,0,0,91,0,0,0,0,0,0,0,0,0,0,0,0,15,0,0,0,0,22,21,35,0,0,0,0,0,0,0,0,0,0,0,0,0,0,0,0,0,0,0,0,0,17,0,0,0,0,0,0,0,0,0,0,0,0,0,0,0,0,0,0,0,0,0,0,0,0,0,0,0,0,0,0,0,89,2,2,2,2,2,2,2,2,2,2,2,91,15,15,15,15,15,15,15,15,15,15,15,15,15,15,15,15,15,15,15,15,15,15,15,0,0,0,0,0,0,15,15,15,15,15,15,15,15,15,22,21,35,15,
15,0,89,0,0,22,21,21,21,21,27,34,34,34,34,34,26,21,27,34,34,34,34,34,34,34,34,34,34,34,19,24,0,22,21,35,0,0,0,14,0,0,0,0,0,0,0,0,0,15,0,0,0,0,0,0,0,0,0,0,0,0,0,0,0,0,0,0,0,0,0,0,0,91,0,0,0,0,0,0,0,15,0,0,0,0,15,0,0,0,0,22,21,35,0,0,0,0,0,15,0,0,0,0,0,0,0,23,0,0,0,0,0,0,0,0,0,0,0,0,0,0,0,0,0,0,0,0,0,0,0,0,0,0,0,0,0,0,0,0,0,0,0,0,0,0,0,89,2,2,2,2,2,2,2,2,2,2,2,91,15,15,15,15,15,15,15,15,15,15,15,15,15,15,15,15,15,15,15,15,15,15,15,0,0,0,0,0,0,15,15,15,15,15,15,15,15,15,22,21,35,15,
15,15,23,88,93,30,34,34,34,34,19,0,0,0,16,16,22,21,35,24,24,24,24,0,0,0,0,0,17,0,24,24,0,22,21,35,0,0,0,0,0,0,0,17,0,0,0,0,0,14,0,0,0,0,0,23,0,0,0,0,0,0,17,0,0,0,0,0,0,15,0,0,0,91,0,0,0,0,0,0,0,14,0,0,0,0,14,0,0,0,0,22,21,35,0,0,0,15,15,15,0,0,15,0,0,0,0,0,0,0,0,15,0,0,0,15,0,0,15,15,0,0,0,15,0,0,0,0,0,0,0,0,0,0,0,0,0,0,0,0,0,0,0,0,0,0,0,89,2,2,2,2,2,2,2,2,2,2,2,91,15,15,15,15,15,15,15,15,15,15,15,15,15,15,15,15,15,15,15,15,15,15,15,0,0,0,0,0,0,15,15,15,15,15,15,15,15,15,22,21,35,15,
15,15,0,0,89,0,0,0,0,0,0,0,23,23,0,16,22,21,35,24,0,0,0,23,0,0,23,0,0,0,0,0,0,22,21,35,0,0,0,0,0,0,0,0,0,0,0,0,0,0,0,0,0,0,0,0,0,0,0,15,0,0,0,0,0,0,0,0,0,14,0,0,0,91,0,0,0,0,0,23,0,0,0,0,17,0,0,15,0,0,0,22,21,35,0,0,15,15,14,14,0,0,14,15,0,15,0,0,0,0,0,15,0,0,0,14,15,0,14,14,0,15,15,14,0,0,15,15,0,0,0,0,0,0,0,0,0,0,0,0,0,0,0,0,0,0,0,89,2,2,2,2,2,2,2,2,2,2,2,91,15,15,15,15,15,15,15,15,15,15,15,15,15,15,15,15,15,15,15,15,15,15,15,0,17,0,0,0,0,15,15,15,15,15,15,15,15,15,22,21,35,15,
15,15,15,15,89,0,0,0,15,0,0,0,0,0,0,0,22,21,35,24,0,0,0,0,0,0,0,51,0,0,0,0,0,22,21,35,0,0,15,0,0,0,0,0,0,0,0,0,15,0,0,0,0,0,0,0,0,0,0,14,15,0,0,0,0,0,0,0,0,0,0,0,0,91,0,0,15,0,0,0,0,0,0,0,0,0,0,14,15,15,0,22,21,35,0,0,14,14,0,0,0,0,15,15,0,14,15,15,0,0,15,14,0,0,15,15,14,0,0,0,0,15,14,0,0,0,14,14,89,82,66,66,66,66,66,66,66,66,66,66,66,66,66,66,66,66,66,66,2,2,2,2,2,2,2,2,2,2,2,91,14,15,15,15,15,15,15,15,15,15,15,15,0,0,24,0,0,0,0,0,1,0,0,0,17,0,16,0,0,0,15,15,15,15,15,15,15,15,22,21,35,15,
14,15,15,15,89,0,0,0,14,0,0,0,0,0,0,0,22,21,35,24,0,0,0,0,0,17,0,0,0,0,0,0,23,22,21,35,0,0,14,0,0,0,0,0,15,0,0,0,14,0,0,0,0,0,15,15,15,15,15,15,14,0,0,0,0,0,0,0,0,0,0,0,0,91,0,0,14,0,0,0,0,0,0,0,0,0,0,15,14,14,0,22,21,35,0,0,0,0,0,15,15,15,15,15,15,0,14,14,15,0,14,0,0,15,14,14,15,15,0,0,15,14,0,0,0,15,0,0,89,2,2,2,2,2,2,2,2,2,2,2,2,2,2,2,2,2,2,2,2,2,2,2,2,2,2,2,2,2,2,91,0,15,15,15,15,15,15,15,15,15,15,0,60,59,59,59,59,59,59,63,0,23,24,0,23,23,17,0,0,0,24,0,1,15,15,15,15,15,22,21,35,15,
0,15,15,15,89,0,0,0,0,0,0,0,0,17,0,0,22,21,20,36,36,36,36,36,36,36,36,36,36,36,36,36,36,25,21,35,0,0,0,0,0,0,0,0,14,0,0,0,15,0,0,0,0,0,14,14,14,15,14,14,0,0,0,0,15,0,0,0,0,0,23,0,0,91,0,0,0,0,0,0,0,0,0,0,0,0,0,14,0,0,0,22,21,35,0,0,0,0,0,14,14,15,15,14,15,15,15,15,15,15,15,15,15,14,0,0,14,14,0,15,15,0,0,23,0,14,15,15,89,2,2,2,2,2,2,2,2,2,2,2,2,2,2,2,2,2,2,2,2,2,2,2,2,2,2,2,2,2,2,91,15,15,15,15,15,15,15,15,15,15,0,0,58,56,56,56,56,56,56,62,0,0,0,0,0,0,0,23,17,0,0,0,0,0,15,15,15,15,22,21,35,15,
15,15,15,14,89,0,0,0,23,0,0,0,0,0,0,0,22,21,21,21,21,21,21,21,21,21,21,21,21,21,21,21,21,21,21,35,0,0,0,0,0,15,0,0,0,0,0,0,14,0,0,0,0,15,0,0,0,14,0,0,0,15,0,0,15,0,0,0,0,0,0,0,0,91,0,0,0,0,0,0,0,0,23,0,0,0,15,0,15,0,0,22,21,35,0,0,15,0,0,0,0,14,14,15,15,15,15,15,15,15,15,15,15,15,15,15,15,15,15,15,14,0,0,0,15,15,15,15,89,2,2,2,2,2,2,2,2,2,2,2,2,2,2,2,2,2,2,2,2,2,2,2,2,2,2,2,2,2,2,91,15,15,15,15,15,15,15,15,15,0,0,0,58,56,56,56,56,56,56,62,0,0,0,32,39,39,39,39,39,39,39,39,39,39,31,15,15,15,22,21,35,15,
15,15,15,0,89,0,0,15,0,0,0,0,0,0,0,0,30,34,34,34,34,34,26,21,27,34,34,34,34,34,34,34,34,34,34,19,0,0,0,0,0,14,0,0,0,15,0,15,0,0,0,0,0,15,0,0,0,0,0,0,0,14,15,15,15,51,0,0,0,0,0,0,0,91,0,0,15,0,0,0,0,0,0,0,0,0,14,0,14,0,0,22,21,35,0,0,15,0,0,15,15,0,15,15,15,15,15,15,15,15,15,15,15,15,15,15,15,15,15,15,0,0,0,0,15,15,15,15,89,2,2,2,2,92,88,88,88,88,88,88,88,88,88,88,88,88,88,88,88,88,88,88,88,88,88,88,88,88,88,15,15,15,15,15,15,15,15,15,15,0,0,92,61,57,57,57,57,57,57,64,93,0,0,5,46,11,11,11,11,11,11,11,11,43,38,15,15,15,22,21,35,15,
15,15,15,15,89,0,0,14,0,0,0,0,15,0,0,0,0,0,0,0,0,52,22,21,35,0,0,0,0,0,0,0,0,0,0,0,0,0,0,0,0,0,0,0,0,14,0,14,0,0,0,0,0,14,15,15,15,0,0,0,0,0,14,14,14,51,0,0,0,17,0,0,0,91,0,0,14,0,0,0,0,0,0,0,15,0,0,15,0,0,0,22,21,35,0,0,14,15,0,15,14,0,14,15,15,15,15,15,15,15,15,15,15,15,15,15,15,15,15,15,0,0,0,0,14,15,15,15,89,2,2,2,2,91,15,0,0,15,15,15,15,15,15,15,15,15,15,15,15,15,15,15,0,0,0,0,0,0,0,15,15,15,15,15,15,15,15,15,15,24,0,91,53,53,53,55,53,53,55,53,89,0,0,5,8,2,2,2,2,2,2,2,2,10,38,0,15,15,22,21,35,15,
15,15,15,14,89,0,0,0,0,0,0,0,14,0,0,0,15,0,0,0,0,0,22,21,35,0,0,0,0,0,0,15,0,0,0,0,0,0,15,0,0,0,0,0,0,0,15,0,0,15,0,0,0,15,15,14,15,0,15,15,0,0,0,0,0,0,0,0,0,0,0,0,0,91,0,0,0,0,0,17,0,0,0,0,15,0,0,14,0,0,0,22,21,35,0,0,0,14,0,15,0,0,0,15,15,15,15,15,15,15,15,15,15,15,15,15,15,15,15,15,0,0,0,0,0,14,14,15,89,2,2,2,2,91,15,15,15,15,15,15,15,15,15,15,15,15,15,15,15,15,15,15,0,0,0,0,23,0,0,15,15,15,15,15,15,15,15,15,15,0,0,91,53,55,53,57,53,55,57,53,89,0,0,5,8,2,2,2,2,2,2,2,2,10,38,23,15,15,22,21,35,15,
14,15,15,0,89,0,0,0,0,0,0,0,0,0,0,0,14,0,0,0,0,0,22,21,35,0,0,0,0,0,0,14,0,0,0,0,0,0,14,0,0,0,0,15,0,0,14,0,15,14,0,0,0,14,14,15,15,15,15,14,15,0,0,0,0,0,0,0,0,0,0,0,0,91,0,0,0,0,0,0,0,0,0,0,14,15,0,0,15,0,0,22,21,35,0,0,0,0,0,14,15,15,0,15,15,15,15,15,15,15,15,15,15,15,15,15,15,15,15,15,0,0,0,0,0,0,0,15,89,2,2,2,2,91,15,15,15,15,15,15,15,15,15,15,15,15,15,15,15,15,15,14,0,0,0,0,0,0,0,14,15,15,15,15,15,15,15,15,15,0,0,91,53,57,53,54,53,57,53,53,89,0,0,5,8,2,2,2,2,2,2,2,2,10,38,24,15,15,22,21,35,15,
15,15,15,0,89,15,0,0,0,0,15,0,0,0,0,0,15,0,0,0,0,0,22,21,35,0,0,0,15,0,0,0,0,0,0,0,0,0,0,0,15,15,15,15,15,15,0,15,14,0,0,0,0,0,0,14,14,14,14,15,15,15,0,0,0,0,0,0,0,0,24,0,0,91,0,0,0,0,0,0,0,0,0,0,0,14,0,15,14,0,0,22,21,35,0,0,15,0,0,15,14,15,15,15,15,15,15,15,15,15,15,15,15,14,14,14,14,14,14,14,0,0,17,0,0,15,15,15,89,2,2,2,2,91,15,15,15,15,15,15,15,15,15,15,15,15,15,15,15,14,14,0,0,0,0,15,0,0,0,0,14,15,15,15,15,15,15,15,15,15,15,91,0,0,0,0,0,0,0,0,89,0,0,5,8,2,2,2,2,2,2,2,2,10,38,0,15,15,22,21,35,15,
15,15,15,15,89,14,0,0,0,0,14,0,0,15,0,0,14,0,0,15,0,0,22,21,35,0,0,0,14,0,0,15,0,0,0,0,15,0,15,0,14,14,15,15,14,15,0,14,0,0,0,0,0,0,0,0,0,0,15,15,14,14,0,0,0,0,0,0,0,0,0,0,0,91,0,0,0,0,0,0,16,0,0,0,0,0,0,14,15,0,0,22,21,35,0,0,14,0,0,14,0,14,15,15,15,15,15,15,15,15,15,15,15,0,0,0,0,0,0,0,0,0,0,0,15,15,15,15,89,2,2,2,2,91,15,15,15,15,15,15,15,15,15,15,15,15,14,14,14,0,0,0,0,0,15,15,15,0,0,0,0,14,14,15,15,15,15,15,15,15,15,72,66,66,66,67,66,66,66,66,79,17,0,5,8,2,2,2,2,2,2,2,48,44,38,1,15,15,22,21,35,15,
15,15,15,14,89,0,0,0,0,0,0,15,0,14,0,0,0,0,0,14,0,0,22,21,35,0,0,0,0,0,0,14,0,15,0,0,14,0,14,0,0,0,14,14,0,14,0,0,0,15,15,0,0,0,0,0,0,15,15,14,0,0,0,0,0,0,0,0,0,0,0,0,0,91,0,23,0,0,0,0,0,0,0,0,0,0,0,15,14,0,0,22,21,35,0,0,0,0,0,15,0,0,15,15,15,15,15,15,15,15,15,15,15,17,0,0,0,0,0,0,0,0,0,15,15,15,15,15,89,2,2,2,2,91,15,15,15,15,15,15,15,15,15,15,15,15,0,0,0,0,17,0,0,15,15,15,15,15,0,0,0,0,0,14,15,15,15,15,15,15,15,15,0,0,0,0,0,0,0,0,0,0,23,5,8,2,2,2,48,9,9,9,44,42,13,15,15,15,22,21,35,15,
15,15,15,0,89,88,88,88,88,88,88,88,88,88,88,88,88,88,88,88,88,93,96,96,96,92,88,88,88,88,88,88,88,88,88,88,88,88,88,88,88,88,88,88,88,88,88,88,88,88,88,88,88,88,88,88,88,88,88,88,88,88,88,88,88,88,88,88,88,88,88,88,88,0,0,0,0,0,0,0,0,0,0,0,0,0,0,14,0,0,0,22,21,35,0,15,0,0,0,14,15,0,15,15,15,15,15,15,15,15,15,15,15,0,0,0,0,0,0,0,0,0,15,15,15,15,15,15,89,2,2,2,2,91,15,15,15,15,15,15,15,15,15,15,15,15,0,0,0,0,0,0,0,15,15,15,15,15,0,0,0,0,0,0,14,15,15,15,15,15,15,15,15,0,0,16,0,1,0,0,24,0,0,5,45,9,9,9,44,42,37,37,37,13,15,15,15,15,22,21,35,15,
14,15,15,0,89,15,0,0,0,0,0,0,0,0,0,0,0,0,0,0,0,0,22,21,35,0,0,15,15,15,0,0,0,0,0,15,0,0,0,0,0,15,0,15,0,0,0,0,15,15,15,15,15,15,15,0,0,0,0,0,0,0,0,0,0,0,0,0,0,0,0,0,0,0,0,0,0,0,0,0,0,0,0,0,0,0,0,0,15,15,0,22,21,35,0,15,0,0,0,0,14,15,15,15,15,15,15,15,15,15,15,15,15,0,0,0,0,0,23,0,0,15,15,15,15,15,15,15,89,2,2,2,2,91,15,15,15,15,15,15,15,15,15,15,15,14,0,0,0,0,0,15,15,15,15,15,15,15,15,15,0,0,0,0,0,15,15,15,15,15,15,15,15,15,15,0,0,17,0,0,0,0,0,33,37,37,37,37,37,13,15,15,15,15,15,15,15,15,22,21,35,15,
0,15,15,0,89,14,0,15,0,0,15,15,15,0,0,0,0,0,15,0,0,0,22,21,35,0,0,15,15,15,0,0,0,0,0,14,0,0,0,15,0,14,15,14,0,0,0,17,15,15,15,15,15,15,15,15,15,15,15,15,15,15,15,15,15,15,15,15,15,15,15,15,0,0,60,59,63,15,15,15,15,15,0,15,15,15,15,15,14,14,0,22,21,35,0,14,0,15,0,0,0,14,15,15,15,15,15,15,15,15,15,15,15,0,0,0,0,0,0,0,15,15,15,15,15,15,15,15,89,2,2,2,2,91,15,15,15,15,15,15,15,15,14,14,14,0,0,0,0,0,0,15,15,15,15,15,15,15,15,15,0,0,23,0,0,15,15,15,15,15,15,15,15,15,15,15,15,15,15,15,15,15,15,15,15,15,15,15,15,15,15,15,15,15,15,15,15,15,22,21,35,15,
0,15,15,0,89,0,0,15,15,0,14,14,14,0,0,15,15,0,14,0,0,0,22,21,35,0,0,15,15,15,15,15,0,15,0,15,15,15,0,14,15,15,15,0,0,0,0,0,15,15,15,14,14,14,14,15,15,15,15,15,15,15,15,15,15,15,15,15,15,15,15,15,0,0,61,57,64,15,15,15,15,15,15,15,15,15,15,14,0,0,0,22,21,35,0,0,0,14,15,0,0,0,15,15,15,15,15,15,15,15,15,15,15,0,0,0,0,0,0,15,15,15,15,15,15,15,15,15,89,2,2,2,2,91,15,15,15,15,15,15,14,14,0,0,0,0,0,0,23,0,0,15,15,15,15,15,15,15,15,15,0,0,0,0,0,14,15,15,15,15,15,15,15,15,15,15,15,15,15,15,15,15,15,15,15,15,15,15,15,15,15,15,15,15,15,15,15,15,22,21,35,15,
0,15,15,0,89,15,0,14,14,15,0,0,15,15,0,14,15,0,0,0,0,0,22,21,35,0,0,14,14,15,15,15,15,15,15,15,15,15,15,15,15,14,14,0,0,0,0,0,15,15,15,0,15,15,15,15,15,15,15,15,15,15,15,15,15,15,15,15,15,15,15,15,0,0,53,54,53,15,15,15,15,15,15,15,15,14,14,0,0,0,0,22,21,35,0,0,0,0,14,0,15,15,15,15,15,15,15,15,15,15,14,14,14,0,0,0,0,0,15,15,15,15,15,15,15,15,15,15,89,2,2,2,2,91,15,15,15,15,15,14,0,0,0,0,0,0,0,0,0,0,15,15,15,15,15,15,15,15,15,15,15,0,0,0,0,0,14,14,14,14,14,14,14,14,14,14,14,14,14,14,14,14,14,14,14,14,14,14,14,14,14,14,14,14,15,15,15,15,22,21,35,15,
0,15,15,15,89,14,0,0,0,14,15,0,15,14,15,0,15,15,0,0,0,0,22,21,35,0,0,0,0,14,15,15,15,14,14,14,15,14,14,14,14,0,0,0,0,0,15,15,15,14,14,0,15,15,15,15,15,15,15,15,15,15,15,15,15,15,15,15,15,15,15,15,0,0,0,0,0,15,15,15,15,15,15,15,15,0,15,0,0,0,0,22,21,35,0,15,0,0,0,0,14,15,15,15,15,15,15,15,15,14,0,0,0,0,0,17,0,15,15,15,15,15,15,15,15,15,15,15,89,2,2,2,2,91,15,15,15,15,0,0,0,17,0,0,0,0,0,0,0,0,15,15,15,15,15,15,15,15,15,15,15,0,0,0,0,0,0,0,0,0,0,0,0,0,0,0,0,0,0,0,0,0,23,0,0,0,0,0,0,0,0,0,0,0,15,15,15,15,22,21,35,15,
15,15,15,15,89,0,0,0,0,0,15,15,15,0,15,15,14,14,0,0,0,0,22,21,35,0,0,0,0,0,14,15,14,0,0,0,14,0,0,0,0,0,0,0,0,15,14,14,14,0,0,0,15,15,15,15,15,15,15,15,15,15,15,15,15,15,15,15,15,15,15,15,15,15,51,15,15,15,15,15,15,15,15,15,15,0,14,15,15,0,0,22,21,35,0,14,0,0,0,0,0,15,15,15,15,15,15,15,14,0,0,0,0,0,0,0,0,15,15,15,15,15,15,15,15,15,15,15,89,2,2,2,2,91,15,15,15,15,0,0,0,0,0,0,0,0,0,0,0,15,15,15,15,15,15,15,15,15,15,15,15,0,0,0,0,0,0,0,0,0,0,17,0,0,0,0,0,0,0,0,0,0,0,0,0,0,0,0,0,0,0,0,0,0,15,15,15,15,22,21,35,15,
15,15,15,15,89,15,15,15,15,15,15,15,15,0,14,15,0,0,0,15,0,0,22,21,35,0,0,0,0,0,0,14,0,0,0,0,0,0,0,0,0,0,0,0,0,14,0,0,0,15,15,15,15,15,15,15,15,15,15,15,15,15,15,15,15,15,15,15,15,15,15,15,15,15,15,15,15,15,15,15,15,15,15,15,15,0,0,14,14,15,0,22,21,35,0,0,0,0,15,15,15,15,15,15,15,15,15,15,0,0,0,0,0,0,0,0,0,15,15,15,15,15,15,15,15,15,15,15,89,2,2,2,2,91,15,14,15,15,0,0,0,0,0,0,52,0,0,0,15,15,15,15,15,15,15,15,15,15,15,15,15,0,0,0,0,0,0,0,0,0,0,0,0,0,0,0,0,0,0,0,0,0,0,0,0,0,0,0,0,0,17,0,0,0,15,15,15,15,22,21,35,15,
15,15,15,15,89,15,15,15,15,15,15,15,15,15,15,14,15,0,15,15,0,0,22,21,35,0,15,0,0,0,15,0,0,0,0,0,0,0,0,17,0,0,0,15,15,0,15,15,15,15,14,15,15,15,15,15,15,15,15,15,15,15,15,15,15,14,15,15,15,15,15,15,15,15,15,15,15,15,15,15,15,15,15,15,15,15,0,0,0,14,0,22,21,35,0,0,0,15,15,14,14,14,15,15,15,15,15,15,0,23,0,0,0,0,0,0,0,15,15,15,15,15,15,15,15,15,15,15,89,2,2,2,2,91,15,0,15,14,0,0,0,0,0,0,0,0,0,0,15,15,15,15,15,15,15,15,15,15,15,15,15,0,0,0,0,0,0,15,15,15,15,15,15,15,15,15,15,15,15,15,15,15,15,15,15,15,15,15,15,15,15,15,15,15,15,15,15,15,22,21,35,15,
14,15,15,14,89,15,15,14,14,15,14,15,15,15,14,0,15,0,15,14,0,0,22,21,35,0,14,0,0,0,14,0,0,0,0,15,15,0,0,0,0,0,15,15,15,15,15,14,15,15,15,14,15,15,15,15,15,14,14,14,15,14,14,14,14,0,14,15,14,15,14,15,15,15,15,15,15,15,15,15,15,15,15,15,14,15,15,0,0,0,0,22,21,35,0,0,0,14,0,0,0,15,14,15,15,15,15,15,0,0,0,0,0,0,0,0,0,15,15,15,15,15,15,15,15,15,15,15,89,2,2,2,2,91,15,15,14,0,0,0,0,0,0,0,0,0,0,0,15,15,15,15,15,15,15,15,15,15,15,15,15,15,0,0,0,0,0,15,15,15,15,15,15,15,15,15,15,15,15,15,15,15,15,15,15,15,15,15,15,15,15,15,15,15,15,15,15,15,22,21,35,15,
0,15,15,0,89,14,15,15,15,15,15,15,15,15,15,15,15,15,15,0,0,0,22,21,35,0,0,0,15,15,15,15,0,15,15,15,15,15,0,0,0,0,15,15,15,15,15,15,15,14,15,0,15,15,14,14,15,15,0,0,15,15,0,0,0,15,0,14,0,14,0,15,15,15,15,15,15,15,15,15,15,15,15,15,15,14,15,0,0,0,0,22,21,35,0,0,0,0,0,15,0,15,0,15,15,15,15,15,0,0,0,0,0,0,0,0,0,15,15,15,15,15,15,15,15,15,15,15,89,2,2,2,2,91,15,15,0,0,23,0,0,0,0,17,0,0,0,15,15,15,15,15,15,15,15,15,15,15,15,15,15,15,0,0,0,0,0,15,15,15,15,15,15,15,15,15,15,15,15,15,15,15,15,15,15,15,15,15,15,15,15,15,15,15,15,15,15,15,22,21,35,15,
0,15,15,0,89,0,14,14,14,15,15,15,15,15,15,15,15,14,14,0,0,0,22,21,35,0,0,0,14,15,14,15,15,15,14,14,14,15,0,0,0,0,15,15,15,15,15,15,14,0,15,15,14,15,15,0,14,14,15,0,14,14,15,15,0,15,0,0,0,0,0,15,15,15,15,15,15,15,15,15,15,15,15,14,15,15,15,0,0,0,0,22,21,35,0,0,15,0,0,14,15,15,15,15,15,15,15,15,0,0,0,0,0,0,0,0,0,15,15,15,15,15,15,15,15,15,15,15,89,2,2,2,2,91,15,15,0,0,0,0,0,0,0,0,0,0,0,15,15,15,15,15,15,15,15,15,15,15,15,15,15,15,0,0,0,0,15,15,15,15,15,15,15,15,15,15,15,15,15,15,15,15,15,15,15,15,15,15,15,15,15,15,15,15,15,15,15,15,22,21,35,15,
0,14,15,0,89,15,15,15,15,15,15,15,15,15,15,15,15,15,0,0,0,0,22,21,35,0,15,15,15,15,0,14,14,14,0,0,0,14,0,0,0,15,15,14,14,15,15,14,0,0,14,15,15,14,14,0,0,0,14,0,15,0,14,14,15,14,0,0,0,17,0,15,15,15,15,15,15,15,15,15,15,15,15,15,15,15,15,0,0,0,0,22,21,35,0,0,14,0,0,0,14,14,14,15,15,15,15,15,0,0,0,0,0,0,0,17,0,15,15,15,15,15,15,15,15,15,15,15,89,2,2,2,2,91,15,14,0,0,0,0,0,0,0,0,0,0,15,15,15,15,15,15,15,15,15,15,15,15,15,15,15,15,0,0,0,0,14,15,15,15,15,15,15,15,15,15,15,15,15,15,15,15,15,15,15,15,15,15,15,15,15,15,15,15,15,15,15,15,22,21,35,15,
0,0,14,0,89,15,15,15,15,15,15,15,15,15,15,14,15,15,0,0,0,0,22,21,35,0,15,14,14,14,0,0,0,0,0,23,0,0,0,0,0,14,14,0,0,14,14,0,0,0,0,14,14,0,0,0,0,0,0,0,14,15,15,0,14,0,15,15,15,0,0,15,15,15,15,15,15,15,15,15,15,15,15,15,14,15,14,0,0,15,0,22,21,35,0,0,0,15,0,0,15,15,15,15,15,15,15,15,0,0,0,0,0,0,0,0,0,15,15,15,15,15,15,15,15,15,15,15,89,2,2,2,2,91,14,0,0,0,0,0,0,0,0,0,0,0,15,15,15,15,15,15,15,15,15,15,15,15,15,15,15,15,15,0,0,0,0,14,15,15,15,15,15,15,15,15,15,15,15,15,15,15,15,15,15,15,15,15,15,15,15,15,15,15,15,15,15,15,22,21,35,15,
0,0,0,0,89,15,15,15,15,15,15,15,15,15,15,0,14,14,0,0,0,0,22,21,35,0,14,0,0,0,0,0,0,0,0,0,0,0,0,0,0,0,0,0,0,0,0,0,23,0,0,0,0,0,0,0,0,0,0,0,0,14,14,0,0,0,14,14,14,15,0,14,15,15,15,15,15,15,15,15,15,15,15,15,15,15,0,15,15,14,0,22,21,35,0,0,0,14,15,15,14,15,15,15,15,15,15,15,0,0,0,0,0,0,0,15,15,15,15,15,15,15,15,15,15,15,15,15,89,2,2,2,2,91,0,0,0,0,0,0,0,0,0,0,0,15,15,15,15,15,15,15,15,15,15,15,15,15,15,15,15,15,15,0,0,0,0,0,14,15,15,15,15,15,15,15,15,15,15,15,15,15,15,15,15,15,15,15,15,15,15,15,15,15,15,15,15,15,22,21,35,15,
66,66,66,66,79,15,15,15,15,15,15,15,15,15,15,15,0,0,0,0,0,0,22,21,35,0,0,0,0,0,0,0,0,0,0,0,0,0,0,0,0,0,0,0,0,0,0,0,0,0,0,0,0,0,0,0,0,0,0,0,0,0,0,0,0,0,0,0,0,14,0,0,15,15,15,15,15,15,15,15,15,15,15,15,15,14,15,14,14,0,0,22,21,35,0,15,0,0,14,14,15,14,15,15,15,15,15,15,15,0,0,0,60,59,63,15,15,15,15,15,15,15,15,15,15,15,15,15,89,2,2,2,2,91,0,0,0,0,0,52,0,0,0,0,15,15,15,15,15,15,15,15,15,15,15,15,15,15,15,15,15,15,15,15,0,0,0,0,0,14,15,15,15,15,15,15,15,15,15,15,15,15,15,15,15,15,15,15,15,15,15,15,15,15,15,15,15,15,22,21,35,15,
15,15,15,15,15,15,15,15,15,15,15,15,15,15,15,15,0,0,0,0,0,0,22,21,20,36,36,36,36,36,36,36,36,36,36,36,36,36,36,36,36,36,36,36,36,36,36,36,36,36,36,36,36,36,36,36,36,36,36,36,36,36,36,36,36,28,0,0,0,0,0,15,15,15,15,15,15,15,15,15,15,15,15,14,15,15,14,15,15,0,0,22,21,35,0,14,0,0,0,15,15,15,15,15,15,15,15,15,14,23,0,0,61,57,64,15,15,15,15,15,15,15,15,15,15,15,15,15,89,2,2,2,2,91,0,0,0,0,0,0,0,0,0,0,15,15,15,15,15,15,15,15,15,15,15,15,15,15,15,15,15,15,15,15,15,0,0,0,0,0,14,15,15,15,15,15,15,15,15,15,15,15,15,15,15,15,15,15,15,15,15,15,15,15,15,15,15,15,22,21,35,15,
15,15,15,15,15,15,15,15,15,15,15,15,15,15,15,15,15,0,15,15,0,0,22,21,21,21,21,21,21,21,21,21,21,21,21,21,21,21,21,21,21,21,21,21,21,21,21,21,21,21,21,21,21,21,21,21,21,21,21,21,21,21,21,21,21,35,0,0,0,0,0,15,15,15,15,15,15,15,15,15,15,15,15,15,15,14,15,15,14,0,0,22,21,35,0,0,0,0,15,15,15,15,15,15,15,15,15,14,23,23,0,0,53,54,53,15,15,15,15,15,15,15,15,15,15,15,15,15,89,2,2,2,2,91,0,0,0,0,0,0,0,0,0,0,15,15,15,15,15,15,15,15,15,15,15,15,15,15,15,15,15,15,15,15,15,15,15,0,0,0,0,14,14,14,15,15,15,15,15,15,15,15,15,15,15,15,15,15,15,15,15,15,15,15,15,15,15,15,22,21,35,15,
15,15,15,15,15,15,15,15,15,15,15,15,15,15,15,15,14,0,14,14,0,0,30,34,34,34,34,34,34,34,34,34,34,34,34,34,34,34,34,34,34,34,34,34,34,34,34,34,34,34,34,34,34,34,34,34,34,34,34,34,34,34,34,26,21,35,0,0,0,0,0,15,15,15,15,15,15,15,15,15,15,15,15,15,15,15,15,15,0,15,0,22,21,35,0,0,15,15,14,14,15,15,15,15,15,15,15,23,23,23,0,0,0,0,0,15,15,15,15,15,15,15,15,15,15,15,15,15,89,2,2,2,2,91,0,0,0,0,0,0,0,0,0,15,15,15,15,15,15,15,15,15,15,15,15,15,15,15,15,15,15,15,15,15,15,15,15,0,0,0,0,0,0,0,14,15,15,15,15,15,15,15,15,15,15,15,15,15,15,15,15,15,15,15,15,15,15,15,22,21,35,15,
15,15,15,15,15,15,15,15,15,15,15,15,15,15,15,15,0,0,0,15,0,0,0,0,0,0,0,0,0,0,0,0,0,0,0,0,0,0,0,0,0,0,0,0,0,0,0,0,0,0,0,0,0,0,0,0,0,0,0,0,0,0,0,22,21,35,0,0,0,0,0,15,15,15,15,15,15,15,15,15,15,15,15,15,15,15,15,14,15,14,0,22,21,35,0,15,15,14,0,0,15,15,15,15,15,15,15,15,15,15,15,15,15,15,15,15,15,15,15,15,15,15,15,15,15,15,15,15,89,2,2,2,2,91,0,0,0,17,0,0,0,0,0,14,14,15,15,15,15,15,15,15,15,15,15,15,15,15,15,15,15,15,15,15,14,14,14,0,0,0,0,0,0,0,0,14,14,14,14,15,15,15,15,15,15,15,15,15,15,15,15,15,15,15,15,15,15,15,22,21,35,15,
15,15,15,15,15,15,15,15,15,15,15,15,15,15,15,15,15,15,15,15,0,23,0,0,0,0,0,0,0,0,0,0,0,0,0,0,0,0,0,15,15,0,0,0,0,0,0,0,0,0,0,0,15,0,0,0,0,0,0,15,0,0,0,22,21,35,0,0,0,0,0,14,15,15,15,15,15,15,15,15,15,15,15,15,15,15,15,15,14,0,0,22,21,35,0,15,14,0,0,0,14,15,15,15,15,15,15,15,15,15,15,15,15,15,15,15,15,15,15,15,15,15,15,15,15,15,15,15,89,2,2,2,2,91,0,0,0,0,0,0,0,0,0,0,0,14,14,15,15,15,15,15,15,15,15,15,15,15,15,15,15,15,15,14,0,0,0,0,0,0,0,0,0,0,0,0,0,0,0,14,14,15,15,15,15,15,15,15,15,15,15,15,15,15,15,15,15,15,22,21,35,15,
15,15,15,15,15,15,15,15,15,15,15,15,15,15,15,15,15,15,15,14,0,0,0,0,0,15,15,15,0,0,0,0,15,0,0,0,15,0,0,14,14,15,0,0,0,0,0,15,15,0,0,0,14,0,0,0,0,0,0,14,15,15,0,22,21,35,0,0,0,15,0,0,15,15,15,15,15,15,15,15,15,15,15,15,15,15,15,15,0,0,0,22,21,35,0,14,0,0,0,15,0,14,15,15,15,15,15,15,15,15,15,15,15,15,15,15,15,15,15,15,15,15,15,15,15,15,15,15,89,2,2,2,2,91,0,0,0,0,0,0,0,52,0,0,0,0,0,14,14,15,15,15,15,15,15,15,15,15,15,15,14,14,14,0,0,0,0,0,0,0,0,0,0,0,0,0,0,0,0,0,0,14,14,14,14,14,14,14,14,14,14,14,14,15,15,15,15,15,22,21,35,15,
15,15,15,15,15,15,15,15,15,15,15,15,15,15,15,15,15,14,14,0,0,15,0,0,15,15,14,14,0,0,0,0,14,15,0,0,14,0,15,15,0,14,0,0,15,0,0,14,15,0,0,0,0,0,0,0,15,0,0,0,14,15,0,22,21,35,0,0,0,15,0,15,15,15,15,15,15,15,15,15,15,15,15,15,15,15,15,14,0,0,0,22,21,35,0,15,0,0,15,14,15,0,15,15,15,15,15,15,15,15,15,15,15,15,15,15,15,15,15,15,15,15,15,15,15,15,15,15,89,2,2,2,2,91,0,51,0,0,0,0,0,0,0,0,0,0,0,0,0,14,14,15,15,15,15,15,15,15,15,14,0,0,0,0,0,0,0,0,16,0,0,0,0,0,0,0,0,52,0,0,0,0,0,0,0,0,0,0,0,0,0,0,0,15,15,15,15,15,22,21,35,15,
15,15,15,15,15,15,15,15,15,15,15,15,15,15,15,15,14,0,0,0,0,14,15,0,14,14,0,0,0,0,0,0,0,15,15,0,0,0,14,15,15,0,0,0,15,0,15,0,14,0,0,0,0,0,0,0,15,0,0,0,15,14,0,22,21,35,0,0,0,15,0,14,14,15,15,15,15,15,15,15,15,15,15,15,15,15,15,15,0,0,0,22,21,35,0,15,15,15,14,0,15,0,15,15,15,15,15,15,15,15,15,15,15,15,15,15,15,15,15,15,15,15,15,15,15,15,15,15,89,2,2,2,2,91,0,0,0,0,0,0,0,0,0,0,0,0,0,0,0,0,0,14,15,15,15,15,15,15,15,0,0,0,0,0,0,0,0,0,0,0,0,0,0,0,0,0,0,0,0,0,0,0,0,0,0,0,0,0,0,0,0,0,0,15,15,15,15,15,22,21,35,15,
15,15,15,15,15,15,15,15,15,15,15,15,15,15,15,15,15,0,0,0,0,0,15,0,0,0,0,0,0,0,23,0,0,14,15,15,15,15,15,15,15,15,15,0,14,15,15,0,15,0,15,15,15,15,15,0,15,0,0,0,15,0,0,22,21,35,0,0,0,14,0,0,0,14,15,15,15,15,15,15,15,15,15,15,15,15,15,14,0,15,0,22,21,35,0,14,15,15,15,0,14,15,15,15,15,15,15,15,15,15,15,15,15,15,15,15,15,15,15,15,15,15,15,15,15,15,15,15,89,2,2,2,2,91,0,0,0,0,0,0,0,0,0,0,0,0,17,0,0,0,0,0,14,14,15,15,15,15,14,0,0,0,0,0,0,0,0,0,0,0,0,0,0,0,0,17,0,0,0,0,0,0,0,0,0,0,0,0,0,0,0,0,0,15,15,15,15,15,22,21,35,15,
15,15,15,15,15,15,15,15,15,15,15,15,15,15,15,15,14,15,15,15,0,0,14,15,0,15,15,0,0,0,0,0,0,0,14,14,15,15,15,15,15,15,15,15,15,15,15,0,15,0,15,15,15,14,14,0,14,0,0,0,14,0,0,22,21,35,0,0,0,0,0,0,0,15,15,15,14,14,14,14,14,14,14,14,14,14,14,0,0,14,0,22,21,35,0,0,14,14,14,0,0,14,14,14,14,14,14,14,14,14,14,14,14,14,14,14,14,14,14,14,14,14,14,14,14,14,14,14,89,2,2,2,2,91,0,0,0,0,0,0,23,0,0,0,0,0,0,0,0,0,0,0,0,0,14,15,15,14,0,0,0,0,16,0,0,0,0,0,0,0,0,0,0,0,0,0,0,0,0,0,0,0,0,0,0,0,0,0,0,0,0,0,0,15,15,15,15,15,22,21,35,15,
15,15,15,15,15,15,15,15,15,15,15,15,15,15,15,15,0,14,14,14,0,0,0,15,15,15,15,0,0,0,52,0,0,0,0,0,14,14,15,15,15,15,15,15,15,15,15,15,15,15,15,15,15,0,0,0,0,0,0,15,15,0,0,22,21,35,0,0,17,0,0,15,15,15,15,15,89,82,66,66,66,66,66,66,66,66,66,66,66,66,66,71,71,71,66,66,66,66,66,66,66,66,66,66,66,66,66,66,66,66,66,66,66,66,66,66,66,66,66,66,66,66,66,66,66,66,66,66,79,2,2,2,2,91,0,0,0,0,0,0,0,0,0,0,0,0,0,0,0,51,0,0,0,0,0,15,15,0,0,0,0,0,0,0,0,0,0,0,0,0,0,0,0,0,0,0,0,0,0,0,0,0,0,0,0,0,0,0,24,24,24,24,0,15,15,15,15,15,22,21,35,15,
15,15,15,15,15,15,15,15,15,15,15,15,15,15,15,15,15,0,0,0,17,0,0,14,15,15,15,15,0,0,0,0,0,0,0,0,0,0,14,15,15,15,15,15,15,15,15,15,15,15,15,15,15,0,15,15,0,0,0,14,14,0,0,22,21,35,0,0,0,0,15,15,15,15,15,15,89,2,2,2,2,2,2,2,2,2,2,2,2,2,2,71,71,71,2,2,2,2,2,2,2,2,2,2,2,2,2,2,2,2,2,2,2,2,2,2,2,2,2,2,2,2,2,2,2,2,2,2,2,2,2,2,2,91,0,0,0,0,0,0,0,0,0,0,24,0,0,0,0,0,0,0,0,0,0,15,15,0,0,0,0,0,0,0,0,0,0,0,0,0,0,0,0,0,0,51,0,0,0,0,0,0,0,0,17,0,0,0,0,0,0,0,0,15,15,15,15,15,22,21,35,15,
15,15,15,15,15,15,15,15,15,15,15,15,15,15,15,15,15,15,0,0,0,0,15,15,14,14,14,15,15,0,0,0,0,0,17,0,0,0,0,14,15,15,15,15,15,15,15,15,15,15,15,15,15,15,14,14,15,0,0,0,0,0,0,22,21,35,0,0,0,15,14,15,15,15,15,15,89,2,2,2,2,2,2,2,2,2,2,2,2,2,2,71,71,71,2,2,2,2,2,2,2,2,2,2,2,2,2,2,2,2,2,2,2,2,2,2,2,2,2,2,2,2,2,2,2,2,2,2,2,2,2,2,2,91,0,0,0,0,0,0,0,0,0,52,0,0,0,0,0,0,0,0,0,0,0,15,15,0,15,0,0,0,23,0,0,0,0,0,52,0,0,0,0,0,0,0,51,0,0,0,0,0,0,0,0,0,0,0,0,0,0,0,0,15,15,15,15,15,22,21,35,15,
15,15,14,14,14,14,14,15,15,15,15,14,15,15,15,15,15,14,15,15,15,0,15,15,0,0,0,14,15,15,0,0,0,0,0,0,0,0,0,0,14,14,14,14,15,15,15,15,15,15,15,15,14,15,0,0,14,0,0,0,0,0,0,22,21,35,0,0,0,14,0,14,14,14,14,14,89,2,2,2,2,2,2,2,2,2,2,2,2,2,2,71,71,71,2,2,2,2,2,2,2,2,2,2,2,2,2,2,2,2,2,2,2,2,2,2,2,2,2,2,2,2,2,2,2,2,2,2,2,2,2,2,2,91,15,0,0,0,0,0,0,0,0,0,0,0,0,0,0,0,0,0,0,0,0,15,15,0,14,0,0,0,0,0,0,0,0,0,0,0,0,0,0,0,0,0,0,0,0,0,0,0,0,0,0,0,0,0,0,0,0,0,0,15,15,15,15,15,22,21,35,15,
15,15,0,0,0,0,0,14,14,14,14,0,14,15,14,15,14,15,14,15,15,15,15,15,15,15,15,15,15,15,0,0,0,0,51,0,0,0,0,0,0,0,0,0,14,14,15,15,15,15,15,15,14,14,0,15,0,0,0,17,0,0,0,22,21,35,0,0,89,82,66,66,66,66,66,66,79,2,2,2,2,92,88,88,88,88,88,88,88,88,88,22,21,35,88,88,88,88,88,88,88,88,88,88,88,88,88,88,88,88,88,88,88,88,88,88,88,88,88,88,88,88,88,88,88,88,88,88,88,88,88,88,88,15,15,15,15,0,0,0,0,0,0,0,0,0,0,0,0,0,23,0,0,0,0,15,15,0,0,0,0,0,0,0,0,0,0,0,0,0,0,23,0,0,0,0,0,0,0,0,0,0,0,0,0,0,0,0,0,0,0,0,0,15,15,15,15,15,22,21,35,15,
15,15,0,0,0,0,0,0,0,0,0,0,0,15,15,14,15,15,15,15,15,15,15,15,15,15,15,15,14,14,0,0,0,0,0,0,0,0,0,15,0,0,0,0,0,0,15,15,15,15,15,14,15,0,0,15,0,0,0,0,0,0,0,22,21,35,0,0,89,2,2,2,2,2,2,2,2,2,2,2,2,91,15,0,0,15,0,15,15,0,0,22,21,35,0,15,15,15,15,15,15,15,15,15,15,15,15,15,15,15,15,15,15,15,15,15,15,15,15,15,15,15,15,15,15,15,15,15,15,15,15,15,15,15,15,15,15,0,0,0,0,17,0,0,0,0,0,0,0,0,0,0,0,0,0,15,15,0,0,0,0,0,0,0,0,0,0,0,0,0,0,0,0,0,0,0,0,0,0,0,0,0,0,0,0,0,0,0,0,0,0,0,0,15,15,15,15,15,22,21,35,15,
15,15,0,17,0,0,0,0,0,0,0,0,0,14,14,15,15,14,15,15,15,15,15,15,15,14,14,14,0,0,0,0,0,0,0,0,0,0,0,15,15,15,0,0,0,0,15,15,15,15,15,15,15,0,15,15,0,15,15,0,0,0,0,22,21,35,0,15,89,2,2,2,2,2,2,2,2,2,2,2,2,91,14,15,0,15,15,14,14,0,0,22,21,35,15,15,15,15,15,15,15,15,15,15,15,15,15,15,15,15,15,15,15,15,15,15,15,15,15,15,15,15,15,15,15,15,15,15,15,15,15,15,15,15,15,14,14,0,0,0,0,0,0,0,0,0,0,0,0,0,0,0,0,52,0,15,15,0,0,0,0,24,0,0,0,0,0,0,0,0,0,0,0,0,0,0,0,0,0,0,0,52,0,0,0,0,0,0,0,0,0,0,0,15,15,15,15,15,22,21,35,15,
15,15,0,0,0,0,0,0,0,0,0,0,0,15,15,15,14,15,15,15,15,15,15,14,14,0,0,0,0,0,0,0,15,15,15,15,15,15,0,15,15,15,0,0,0,0,15,15,15,15,15,15,15,0,14,14,0,14,14,0,0,0,0,22,21,35,0,14,89,2,2,2,2,2,2,2,2,2,2,2,2,91,0,14,0,14,14,0,0,0,0,22,21,35,14,14,15,15,15,15,15,15,15,15,15,15,15,15,15,15,15,15,15,15,15,15,15,15,15,15,15,15,15,15,15,15,15,15,15,15,15,15,15,15,14,0,0,0,0,0,0,0,0,0,0,0,0,0,0,0,0,0,0,0,0,15,15,0,0,0,0,0,0,0,0,0,0,0,0,0,0,0,0,0,0,0,0,0,0,0,0,0,0,0,0,0,0,0,0,0,0,17,0,15,15,15,15,15,22,21,35,15,
15,15,0,0,0,0,0,0,0,0,17,0,0,15,14,15,15,15,15,15,15,15,15,0,0,0,17,0,0,0,15,15,15,15,15,15,15,15,15,15,15,15,0,0,0,0,15,15,15,15,15,15,14,15,0,0,0,0,0,0,0,0,0,22,21,35,0,0,89,2,2,2,2,92,88,88,88,88,88,88,88,0,0,0,0,0,0,0,0,0,0,22,21,35,0,0,15,15,15,15,15,15,15,15,15,15,15,15,15,15,15,15,15,15,15,15,15,15,15,15,15,15,15,15,15,15,15,15,15,15,15,15,15,14,0,0,0,0,0,0,0,0,0,0,0,0,0,17,0,0,0,0,24,0,0,15,15,0,0,0,0,0,0,0,0,0,0,0,0,0,0,0,0,0,0,0,0,0,0,0,0,0,0,0,0,23,0,0,0,0,0,0,0,15,15,15,15,15,22,21,35,15,
15,15,15,15,0,0,0,0,0,0,0,0,0,14,15,15,15,15,15,15,15,15,15,15,0,0,0,0,0,15,15,15,14,15,15,15,15,15,15,15,15,15,0,0,0,0,15,15,15,15,15,15,15,14,0,0,0,0,0,0,0,0,0,22,21,20,36,36,36,69,69,69,69,36,36,36,36,36,36,36,36,36,36,36,36,36,36,36,36,36,36,25,21,35,0,0,15,15,15,15,15,15,15,15,15,15,15,15,15,15,15,15,15,15,15,15,15,15,15,15,15,15,15,15,15,15,15,15,15,15,15,15,14,0,0,0,0,0,0,0,0,51,0,0,0,0,0,0,0,0,0,0,0,0,0,15,15,0,0,0,0,0,0,0,0,0,0,0,0,0,0,0,16,0,0,0,0,0,0,0,0,0,0,0,0,0,0,0,0,0,0,0,0,15,15,15,15,15,22,21,35,15,
15,15,14,15,15,15,15,15,15,15,0,0,0,0,14,14,15,14,15,15,15,15,15,15,0,0,0,15,15,15,14,15,15,15,15,15,15,15,15,15,14,14,0,0,0,0,15,15,15,15,15,15,14,0,0,15,0,0,15,0,0,0,0,22,21,21,21,21,21,69,69,69,69,21,21,21,21,21,21,21,21,21,21,21,21,21,21,21,21,21,21,21,21,35,0,0,15,15,15,15,15,15,15,15,15,15,15,15,15,15,15,15,15,15,15,15,15,15,15,15,15,15,15,15,15,15,15,15,15,15,15,15,15,0,0,0,0,0,0,0,0,0,0,0,0,0,16,0,0,0,0,0,0,0,0,15,15,0,0,0,0,0,0,0,0,0,0,0,0,0,0,0,0,0,0,0,0,0,0,17,0,0,0,0,0,0,0,0,0,0,0,0,0,15,15,15,15,15,22,21,35,15,
15,15,15,15,15,15,14,15,15,14,15,15,0,0,0,0,15,15,15,14,14,14,14,15,15,15,15,15,15,14,0,15,14,15,15,14,14,14,14,14,0,0,0,0,0,0,15,15,15,15,15,15,0,15,0,15,0,15,14,0,0,0,0,30,34,34,34,34,34,69,69,69,69,34,34,34,34,34,34,34,34,34,34,34,34,34,34,34,34,34,34,34,34,19,15,15,15,15,15,15,15,15,15,15,15,15,15,15,15,15,15,15,15,15,15,15,15,15,15,15,15,15,15,15,15,15,15,15,15,15,15,15,15,15,0,0,0,0,0,0,0,0,0,0,23,0,0,0,0,0,0,0,0,0,0,15,15,0,0,0,0,0,0,0,0,0,0,0,0,0,0,0,0,0,0,0,0,0,0,0,0,0,0,0,0,0,0,0,0,0,0,0,0,15,15,15,15,15,22,21,35,15,
15,15,14,15,15,15,15,15,14,15,15,15,15,0,0,0,14,14,14,0,0,0,0,14,15,15,15,15,15,15,15,15,15,14,14,0,0,0,0,0,0,0,0,0,0,0,15,15,15,15,15,15,15,15,15,15,0,15,0,0,0,0,0,0,0,0,0,0,89,2,2,2,2,91,0,0,0,0,0,0,0,0,0,0,0,0,0,0,0,0,15,15,15,15,15,14,14,14,14,14,14,15,15,15,15,15,15,15,15,15,15,15,15,15,15,15,15,15,15,15,15,15,15,15,15,15,15,15,14,14,14,15,15,15,0,0,0,0,0,0,0,0,0,0,0,0,0,0,0,0,0,0,0,0,0,15,15,0,0,0,23,0,0,0,15,0,0,0,17,0,0,0,0,0,0,0,0,0,0,0,0,0,0,0,0,0,0,0,0,0,0,0,0,15,15,15,15,15,22,21,35,15,
15,15,0,15,15,15,15,15,0,14,15,14,15,15,0,0,0,0,0,0,0,0,0,17,14,14,15,15,14,14,14,14,14,0,0,0,0,23,0,0,0,0,0,17,0,0,15,15,15,15,15,15,15,15,15,14,0,14,0,0,15,0,0,0,0,0,0,0,89,2,2,2,2,91,0,0,0,0,0,0,0,0,0,0,0,0,0,15,15,15,14,14,14,14,14,0,0,0,0,0,0,14,14,15,15,15,15,15,15,15,15,15,15,14,14,14,14,14,14,14,14,14,14,14,14,14,14,14,0,0,0,14,15,14,0,0,0,0,0,0,17,0,0,0,0,0,0,0,0,0,0,0,0,0,0,15,15,0,0,0,0,0,0,0,14,0,0,0,0,0,0,0,0,0,0,0,0,0,0,0,0,0,0,0,0,0,0,0,0,0,0,0,0,15,15,15,15,15,22,21,35,15,
15,14,15,15,15,15,15,15,15,15,15,15,14,14,0,0,0,0,0,0,0,0,0,0,0,0,14,14,15,0,0,0,0,0,0,0,0,0,0,0,0,0,0,0,0,0,15,15,15,15,15,14,14,14,14,0,0,15,0,0,14,0,0,89,82,66,66,66,79,2,2,2,2,91,0,0,0,0,0,15,0,0,0,0,15,15,0,15,14,14,0,0,0,0,0,0,15,15,15,0,0,0,0,14,15,15,15,15,15,15,15,15,14,0,0,0,0,0,0,0,0,0,0,0,0,0,0,0,0,0,0,0,14,0,0,0,0,0,0,0,0,0,0,0,0,0,0,52,0,0,0,0,0,0,0,15,15,0,0,0,0,0,0,0,0,0,0,0,0,0,0,0,0,51,0,0,0,0,0,0,15,0,0,0,0,0,0,0,17,0,0,0,0,15,15,15,15,15,22,21,35,15,
15,15,15,15,15,15,15,15,15,15,15,14,15,0,15,0,0,0,0,0,15,0,0,0,0,0,0,0,14,0,0,0,17,0,0,0,0,15,0,0,0,0,0,0,0,0,14,14,14,15,15,15,0,0,0,15,15,14,15,0,0,15,0,89,2,2,2,2,2,2,2,2,2,91,0,0,0,0,0,14,15,15,15,15,15,15,15,15,0,0,0,0,0,0,0,0,15,15,15,0,0,0,0,0,15,15,15,15,15,15,15,15,15,0,0,0,0,0,0,0,0,0,15,15,0,0,0,0,0,0,0,0,0,0,0,0,0,0,0,0,0,0,0,0,0,0,0,0,0,0,0,0,0,0,0,15,15,0,0,0,0,0,0,0,0,0,0,0,0,0,0,0,0,0,0,0,0,0,0,0,14,0,0,0,0,0,0,0,0,0,0,0,0,15,15,15,15,15,22,21,35,15,
15,14,15,15,15,15,15,15,15,15,14,0,14,15,14,15,23,0,0,0,15,15,15,15,15,15,0,0,0,0,0,0,0,0,0,15,15,15,0,0,0,0,0,0,0,0,0,0,15,15,15,15,15,0,0,14,15,0,14,0,15,14,15,89,2,2,2,2,2,2,2,2,2,91,0,15,0,0,15,15,15,15,15,15,15,15,15,15,0,0,0,0,0,0,0,15,15,15,15,15,0,0,0,0,14,15,15,15,15,15,15,15,14,0,0,0,0,0,0,0,0,15,15,15,0,0,0,0,0,0,0,0,0,0,0,0,0,0,0,0,0,24,0,0,0,0,0,0,0,0,0,0,0,0,0,15,15,0,0,0,0,0,15,0,0,0,0,0,0,0,0,23,0,0,0,0,0,0,0,0,0,0,0,0,0,0,0,0,0,0,0,0,0,15,15,15,15,15,22,21,35,15,
15,0,15,15,15,15,15,15,15,15,15,15,15,14,0,15,0,0,0,0,14,14,15,15,15,15,0,0,0,0,0,15,15,15,15,14,14,15,15,0,0,0,15,15,0,0,23,0,14,15,15,15,15,15,0,0,14,0,15,0,14,0,14,89,2,2,2,2,2,2,2,2,2,91,0,14,0,15,15,15,15,15,15,15,15,15,15,15,15,0,0,0,0,15,15,15,15,15,15,15,15,15,0,0,0,14,15,15,15,15,15,14,0,0,0,0,0,0,0,0,15,15,15,15,15,0,0,0,0,0,0,0,15,15,0,0,0,0,0,0,0,0,0,0,0,0,23,0,0,0,0,0,0,0,0,15,15,0,0,0,0,0,14,0,0,0,0,0,0,0,0,0,0,0,0,0,0,0,0,0,0,0,0,0,0,0,0,0,0,0,0,0,0,15,15,15,15,15,22,21,35,15,
15,0,14,15,15,15,15,15,15,15,15,15,15,0,0,15,15,15,0,0,0,0,14,15,15,15,0,0,15,0,15,15,15,15,15,15,15,15,14,0,0,0,15,15,0,0,0,0,0,15,15,15,15,15,15,15,15,0,14,0,15,0,0,89,2,2,2,2,92,88,88,88,88,0,15,15,15,15,15,15,15,15,14,15,15,15,15,15,15,0,0,0,0,15,15,15,15,15,15,15,15,15,0,0,0,0,15,15,15,14,14,0,0,0,0,0,0,0,0,15,15,15,15,15,15,15,0,0,0,0,15,15,15,15,0,0,0,0,0,0,0,0,0,0,0,0,0,0,0,0,0,0,0,0,0,15,15,0,0,0,0,0,0,0,0,0,0,0,0,0,0,0,0,0,0,0,17,0,0,0,0,0,0,0,0,0,52,0,0,0,0,0,0,15,15,15,15,15,22,21,35,15,
15,0,0,15,15,15,15,15,15,15,15,15,15,15,0,14,14,14,0,0,17,0,0,15,15,15,15,15,15,15,15,15,15,15,15,15,15,15,15,0,0,15,14,14,15,15,15,0,0,15,15,15,15,15,15,15,15,15,15,15,15,0,0,89,2,2,2,2,91,0,0,0,15,15,15,15,15,15,15,15,15,15,0,14,14,15,15,15,15,0,0,0,0,15,15,15,15,15,15,15,15,15,15,0,0,0,14,14,14,0,0,0,0,0,0,0,0,0,15,15,15,15,15,15,15,15,15,15,15,15,15,15,15,14,0,23,0,0,0,0,0,0,0,0,0,0,0,0,0,0,0,0,51,0,0,15,15,0,0,0,0,0,0,0,0,0,0,0,0,0,0,0,0,0,0,0,0,0,0,0,0,0,0,0,0,0,0,0,0,0,0,17,0,15,15,15,15,15,22,21,35,15,
15,0,0,14,14,15,15,15,15,15,15,15,15,15,15,0,0,0,0,0,0,0,0,15,15,15,15,14,15,15,15,15,15,15,15,15,15,14,15,0,0,14,15,15,15,15,15,0,0,15,15,15,15,15,15,15,15,15,15,15,15,15,15,89,2,2,2,2,91,0,0,15,15,15,15,15,15,15,15,15,15,14,0,0,15,15,15,15,15,0,0,23,0,15,15,15,15,15,15,15,15,15,15,0,0,0,0,0,0,0,0,0,0,0,0,0,0,15,15,15,15,15,15,15,15,15,15,15,15,15,15,15,14,0,0,0,0,0,0,0,51,0,0,0,0,0,0,17,0,0,0,0,0,0,0,15,15,0,0,15,0,0,0,0,0,0,0,0,0,0,0,0,15,0,0,0,0,0,0,0,0,0,0,23,0,0,0,0,0,0,0,0,0,15,15,15,15,15,22,21,35,15,
15,15,0,0,0,14,14,14,14,14,15,15,15,15,15,0,0,0,0,0,0,0,0,15,15,15,15,15,15,14,14,14,14,15,15,15,15,15,14,15,15,15,15,15,15,15,15,0,0,15,15,15,14,14,14,14,14,14,14,14,14,14,14,89,2,2,2,2,91,15,15,15,15,15,15,15,15,15,15,15,14,0,17,0,14,14,15,15,15,0,0,0,0,15,15,15,15,15,15,15,15,15,15,15,15,15,15,15,15,15,15,15,15,15,15,15,15,15,15,15,15,15,15,15,15,15,15,15,14,14,14,14,0,0,0,0,0,0,0,0,0,0,0,0,0,0,0,0,0,0,0,0,0,0,0,15,15,0,0,14,0,0,0,0,0,0,0,0,0,0,0,0,14,0,0,0,0,0,0,0,0,0,0,0,0,0,0,0,0,0,0,0,0,15,15,15,15,15,22,21,35,15,
14,15,15,0,0,0,0,0,0,0,15,15,15,15,14,0,0,15,15,15,0,0,0,14,15,15,15,15,15,15,0,0,0,14,14,14,14,15,15,15,15,15,15,15,15,15,15,15,15,14,14,14,0,0,0,0,0,0,89,82,66,66,66,79,2,2,2,2,91,15,15,15,15,15,15,15,15,15,15,15,0,0,0,0,0,0,14,15,15,0,0,0,0,15,15,15,15,15,15,15,15,15,15,15,15,15,15,15,15,15,15,15,15,15,15,15,15,15,15,15,15,15,15,15,15,15,15,15,0,0,0,0,16,0,0,0,0,0,0,0,0,0,0,0,0,0,0,0,0,0,0,0,0,0,0,15,15,0,0,0,0,0,0,0,0,23,0,0,0,0,0,0,0,0,0,0,0,0,0,0,0,0,0,0,0,0,0,0,0,0,0,0,0,15,15,15,15,15,22,21,35,15,
0,14,15,0,0,0,0,0,0,0,15,15,15,15,15,15,0,15,15,15,0,0,0,0,14,15,15,15,15,15,0,0,0,0,0,0,0,14,15,15,15,15,15,15,15,15,15,15,15,0,0,0,0,0,0,0,0,0,89,2,2,2,2,2,2,2,2,2,91,15,15,15,15,15,15,15,15,15,15,15,15,0,15,0,0,0,0,15,15,0,0,0,0,15,15,15,15,14,14,14,14,14,14,14,14,14,14,14,14,14,14,14,14,14,14,14,14,14,14,14,15,15,14,14,14,14,14,14,0,0,0,0,0,0,0,0,0,0,0,0,0,0,0,0,0,0,0,0,0,16,0,0,0,0,0,15,15,0,0,0,0,0,0,0,0,0,0,0,0,0,0,0,0,0,0,0,0,0,0,0,0,0,0,0,0,0,0,0,0,0,0,0,0,15,15,15,15,15,22,21,35,15,
0,0,15,15,0,0,0,0,0,0,15,15,15,15,15,15,15,15,15,15,0,0,23,0,0,15,15,15,14,15,0,0,0,0,17,0,0,0,15,15,15,15,15,15,15,15,15,15,15,15,15,15,0,0,0,0,23,0,89,2,2,2,2,2,2,2,2,2,91,14,15,15,15,15,15,15,15,15,15,15,15,15,15,0,0,0,0,14,14,0,0,0,15,15,15,15,15,0,0,0,0,0,0,0,0,0,0,0,0,0,0,0,0,0,0,0,0,0,0,0,15,15,0,0,0,0,0,0,17,0,0,0,0,0,0,0,0,0,0,0,17,0,0,0,0,0,0,0,0,0,0,0,0,0,0,15,15,0,0,0,0,0,0,0,0,0,0,0,0,0,0,0,0,0,0,0,0,0,0,0,0,0,0,0,0,15,0,0,0,0,0,0,0,15,15,15,15,15,22,21,35,15,
0,15,15,14,0,0,0,0,0,0,15,15,15,15,15,15,15,15,15,15,0,0,0,0,0,15,15,15,15,14,0,0,0,0,0,0,0,0,15,15,15,15,15,15,15,15,15,15,15,15,15,15,0,0,0,0,0,0,89,2,2,2,2,2,2,2,2,2,91,0,15,15,15,15,15,15,15,15,15,15,15,15,15,0,0,0,0,0,0,0,0,0,15,15,15,15,15,0,15,15,15,15,15,15,15,15,15,15,15,15,15,15,15,15,15,15,15,15,15,0,15,15,0,0,16,0,0,0,0,0,0,0,0,0,51,0,0,0,0,0,0,0,0,0,0,0,0,0,0,0,0,0,0,0,0,15,15,0,0,0,0,0,0,0,15,0,0,0,0,0,0,0,0,0,0,17,0,0,0,0,15,0,0,0,0,14,0,0,0,0,0,0,0,15,15,15,15,15,22,21,35,15,
0,15,14,0,0,0,0,23,0,0,15,15,15,15,15,15,15,15,15,15,0,0,0,0,0,15,15,14,14,0,0,0,0,0,0,0,0,0,15,15,15,15,15,15,15,15,15,15,15,15,15,15,15,15,0,0,0,0,89,2,2,2,2,92,88,88,88,88,0,15,15,15,15,15,15,15,15,15,15,15,15,15,15,0,0,0,0,0,0,0,0,0,14,14,14,15,15,0,15,15,15,15,15,15,15,15,15,15,15,15,15,15,15,15,15,15,15,15,15,0,15,15,0,0,0,0,0,0,0,0,0,0,0,0,0,0,0,0,0,0,0,0,0,0,0,0,51,0,0,0,0,23,0,0,0,15,15,0,0,0,0,0,0,0,14,0,0,0,0,0,0,0,0,0,0,0,0,0,0,0,14,0,0,0,0,0,0,0,0,0,0,0,0,15,15,15,15,15,22,21,35,15,
0,15,0,0,15,15,0,0,0,0,15,15,15,15,15,15,15,15,15,15,0,0,0,0,0,14,14,0,0,0,0,0,0,0,0,0,0,0,15,15,15,15,15,15,15,15,15,15,15,15,15,15,15,15,15,0,0,0,89,2,2,2,2,91,0,0,0,0,15,15,14,14,14,15,15,15,15,15,15,15,15,15,15,0,0,0,0,0,0,0,0,0,0,0,0,15,15,0,15,15,15,15,15,15,15,15,15,15,15,15,15,15,15,15,15,15,15,15,15,0,15,15,0,0,0,0,0,0,0,0,0,0,0,0,0,0,0,0,0,16,0,0,0,0,0,0,51,0,0,0,0,0,0,0,0,15,15,0,0,0,0,0,0,0,0,0,0,0,0,0,0,0,0,0,0,0,0,0,0,0,0,0,0,0,0,0,0,0,0,0,0,0,0,15,15,15,15,15,22,21,35,15,
0,15,15,15,14,15,0,0,0,0,14,15,15,15,15,15,15,15,15,15,0,0,0,0,0,0,0,0,0,0,17,0,0,0,0,0,0,0,15,15,15,15,15,15,15,15,15,15,15,15,15,15,15,15,15,15,15,15,89,2,2,2,2,91,0,15,15,15,15,14,0,0,0,14,15,15,15,15,15,15,15,15,14,0,0,0,0,0,0,0,0,0,15,15,0,15,15,0,15,15,14,14,14,14,14,14,14,14,14,14,14,14,14,14,14,14,15,15,15,0,15,15,0,0,0,0,0,51,0,0,0,0,0,0,0,0,0,0,0,0,0,0,0,0,0,0,0,0,0,0,0,0,0,0,0,15,15,0,17,0,0,0,0,0,0,0,0,0,0,0,0,0,0,0,0,0,0,0,0,0,0,0,0,0,0,0,0,0,0,0,17,0,0,15,15,15,15,15,22,21,35,15,
0,15,15,14,15,14,15,0,0,0,0,14,14,14,14,14,14,14,14,14,0,0,0,0,0,0,0,0,0,0,0,0,0,0,0,0,0,0,15,15,15,15,15,15,15,15,15,15,15,15,15,15,15,14,14,14,14,14,89,2,2,2,2,91,15,14,14,14,14,0,0,0,0,0,14,15,15,15,15,15,14,14,0,0,0,0,0,0,0,0,0,0,15,15,0,15,15,0,15,15,0,0,0,0,0,0,0,0,0,0,0,0,0,0,0,0,15,15,15,0,15,15,0,0,0,0,0,0,0,0,0,0,0,23,0,0,0,0,0,0,0,0,0,0,17,0,0,0,0,23,0,0,0,0,0,15,15,0,0,0,0,0,0,0,0,0,0,0,17,0,0,0,0,0,0,0,0,0,0,0,0,0,0,0,0,0,0,0,0,0,0,0,0,15,15,15,15,15,22,21,35,15,
0,15,15,15,15,15,14,15,0,0,0,0,0,0,0,0,0,0,0,0,23,23,23,23,52,23,23,23,23,23,0,0,0,0,0,0,0,0,15,15,15,15,15,15,15,15,15,15,15,15,15,15,15,89,82,66,66,66,79,2,2,2,2,91,15,0,0,0,23,0,0,0,0,0,0,14,14,14,14,14,0,0,0,0,0,0,0,0,0,52,0,0,15,15,0,15,15,0,15,15,0,15,15,15,15,15,15,15,15,15,15,15,15,15,15,0,15,15,15,0,15,15,0,0,0,0,0,0,0,0,0,0,0,0,0,0,0,0,0,0,0,0,0,0,0,0,0,0,0,0,0,0,0,15,0,15,15,0,0,0,0,0,0,0,0,0,0,0,0,0,0,0,15,0,0,0,0,0,0,0,0,0,0,0,0,0,0,0,0,0,0,0,0,15,15,15,15,15,22,21,35,15,
0,15,15,15,15,15,15,15,15,15,0,0,0,0,0,0,0,0,23,23,23,23,23,23,23,23,23,23,23,23,23,23,23,0,0,0,0,15,15,15,15,15,15,15,15,15,15,15,15,15,15,15,15,89,2,2,2,2,2,2,2,2,2,91,15,15,0,0,0,0,0,0,0,0,0,0,0,0,0,0,0,0,0,0,0,17,0,0,0,0,0,0,15,15,0,15,15,0,15,15,0,15,15,15,15,15,15,15,15,15,15,15,15,15,15,0,15,15,15,0,15,15,0,0,0,0,0,0,0,0,0,0,0,0,0,0,0,0,0,0,0,0,0,0,0,0,0,0,0,0,0,0,0,14,15,15,15,0,0,0,0,0,0,0,0,0,0,0,0,0,0,0,14,0,0,0,0,0,0,0,0,0,15,0,0,0,0,0,0,0,0,0,0,15,15,15,15,15,22,21,35,15,
0,15,15,15,15,15,15,15,15,15,0,0,0,0,0,23,23,23,23,23,23,17,17,17,23,23,23,23,23,23,24,23,23,0,0,0,0,15,15,15,15,15,15,15,15,15,15,15,15,15,15,15,15,89,2,2,2,2,2,2,2,2,2,91,15,15,0,0,0,0,0,0,0,0,0,0,0,0,0,0,0,0,0,0,0,0,0,0,0,0,0,0,15,15,0,15,15,0,15,15,0,15,15,15,15,15,15,15,15,15,15,15,15,15,15,0,15,15,15,0,15,15,15,15,15,15,15,15,15,15,15,15,15,15,15,15,15,15,15,15,15,15,15,15,15,15,15,15,15,15,15,15,15,15,15,15,15,0,0,0,0,0,0,0,0,0,0,0,0,0,0,0,0,0,0,0,0,0,0,0,0,0,14,0,0,0,0,0,0,0,0,0,0,15,14,15,15,15,22,21,35,15,
0,15,15,15,15,15,15,15,15,15,15,15,15,15,0,23,23,24,23,23,17,17,17,17,17,23,23,23,23,23,23,23,23,23,0,15,15,15,15,15,15,15,15,15,15,15,15,15,15,15,15,15,15,89,2,2,2,2,2,2,2,2,2,91,14,14,0,0,0,0,0,0,0,0,0,0,0,52,0,0,0,0,0,0,0,0,0,0,0,0,0,0,15,15,0,15,15,0,15,15,0,15,14,14,14,14,14,14,14,14,14,14,14,14,15,0,15,15,15,0,15,15,15,15,15,15,15,15,15,15,15,15,15,15,15,15,15,15,15,15,15,15,15,15,15,15,15,15,15,15,15,15,15,15,15,15,15,0,0,0,0,0,0,0,0,0,0,0,0,0,0,0,0,0,0,0,0,0,15,0,0,0,0,0,0,0,0,0,0,0,0,0,0,15,0,15,15,15,22,21,35,15,
0,15,15,14,15,15,15,15,15,15,15,15,15,15,23,23,23,23,23,17,17,17,17,17,17,17,23,23,23,23,23,23,23,23,0,14,15,15,15,15,15,15,15,15,15,15,15,14,14,14,14,14,14,89,2,2,2,2,92,88,88,88,88,15,15,15,15,15,15,15,15,0,0,0,0,0,0,0,0,0,0,0,0,0,0,0,0,0,0,0,0,0,15,15,0,15,15,0,15,15,0,15,0,0,0,0,0,0,0,0,0,0,0,0,15,0,15,15,15,0,15,15,15,15,15,15,15,15,15,15,15,15,15,15,15,15,15,15,15,15,15,15,15,15,15,15,15,15,15,15,15,15,15,15,15,15,15,0,0,0,23,0,0,0,0,0,0,0,0,0,0,0,0,0,0,0,0,0,14,0,0,0,0,0,0,0,15,0,0,0,15,0,15,15,0,15,15,15,22,21,35,15,
0,15,15,15,15,15,15,15,15,15,15,15,14,15,0,23,23,23,23,17,17,17,17,17,17,17,23,23,23,23,23,16,23,23,23,23,14,15,15,15,15,15,15,15,15,15,15,89,82,66,66,66,66,79,2,2,2,2,91,15,15,15,15,15,15,15,15,15,15,15,15,15,15,15,0,0,0,0,0,0,0,0,0,0,0,51,0,0,0,0,0,0,15,15,0,15,15,0,15,15,0,15,0,15,15,15,15,15,15,15,15,15,15,0,15,0,15,15,15,0,15,15,15,15,15,15,15,15,15,15,15,15,15,15,15,15,15,15,15,15,15,15,15,15,15,15,15,15,15,15,15,15,15,15,15,15,15,0,0,0,0,0,0,0,0,0,0,0,0,0,0,0,0,0,0,0,15,0,0,0,15,0,0,0,15,0,14,0,0,0,15,15,15,15,0,15,15,15,22,21,35,15,
0,14,15,15,15,15,15,15,15,15,15,15,15,15,0,23,23,23,23,23,17,17,17,17,17,23,23,23,23,23,23,23,23,23,23,23,0,15,15,15,15,15,15,15,15,15,15,89,2,2,2,2,2,2,2,2,2,2,91,15,15,15,15,15,15,15,15,15,15,15,15,15,15,15,15,0,0,0,0,0,0,0,0,0,0,0,0,0,0,23,0,0,15,15,0,15,15,0,15,15,0,15,0,15,15,15,15,15,15,15,15,15,15,0,15,0,15,15,15,0,15,15,14,14,14,14,14,14,14,14,14,14,14,14,14,14,14,14,14,14,14,14,14,14,14,14,14,14,14,14,14,14,14,14,14,14,14,0,0,0,0,0,0,0,0,0,17,0,0,0,0,0,0,0,0,0,14,0,0,0,14,0,0,0,14,0,0,0,0,0,15,15,15,15,0,15,15,15,22,21,35,15,
0,15,15,15,15,15,15,15,15,15,15,15,15,14,0,23,23,23,16,23,17,17,17,17,17,23,23,23,23,23,23,23,23,23,23,23,0,14,15,15,15,15,15,15,15,15,15,89,2,2,2,2,2,2,2,2,2,2,91,15,15,15,15,15,15,15,15,15,15,15,15,15,15,15,15,0,0,0,0,0,0,17,0,0,0,0,0,0,0,0,0,0,15,15,0,15,15,0,15,15,0,15,0,15,14,14,14,14,14,14,14,15,15,0,15,0,15,15,15,0,15,15,0,0,0,0,0,0,0,0,0,0,0,0,0,0,0,0,0,0,0,0,0,0,0,0,0,0,0,0,0,0,0,0,0,0,0,0,0,0,0,0,15,15,15,15,15,15,15,15,15,15,15,15,15,15,15,15,15,15,15,15,15,15,15,15,15,15,15,15,15,15,15,14,0,15,15,15,22,21,35,15,
0,15,15,15,15,15,15,15,15,15,15,15,14,0,0,23,23,23,23,23,17,17,17,17,17,23,23,23,23,23,23,23,23,23,23,23,23,23,14,15,15,15,15,15,15,15,15,89,2,2,2,2,2,2,2,2,2,2,91,15,15,15,14,14,14,14,14,14,14,14,14,14,14,14,14,0,0,0,0,0,0,0,0,0,0,0,0,0,0,0,0,0,15,15,0,15,15,0,15,15,0,15,0,15,0,0,0,0,0,0,0,15,15,0,15,0,15,15,15,0,15,15,0,0,0,0,0,0,0,0,0,0,0,0,0,0,0,0,0,0,0,0,0,0,17,0,0,0,0,0,0,0,0,0,0,0,0,0,0,0,0,0,14,14,14,14,14,14,14,14,15,15,15,15,15,15,15,15,15,15,15,15,15,15,15,15,15,15,15,15,15,15,14,0,0,15,15,15,22,21,35,15,
0,15,15,15,15,15,15,15,15,15,15,14,0,23,23,23,23,23,23,23,17,17,17,17,17,23,23,23,16,23,23,23,23,23,23,23,23,23,0,15,15,15,15,15,15,15,15,89,2,2,2,2,92,88,88,88,88,88,15,15,15,15,0,0,0,0,0,0,0,0,0,0,0,0,0,0,24,0,0,0,0,0,0,0,0,0,0,0,0,0,0,0,15,15,0,15,15,0,15,15,0,15,0,15,0,15,15,15,15,15,0,15,15,0,15,0,15,15,15,0,15,15,0,0,0,24,16,24,16,0,0,0,0,0,0,0,0,0,0,0,0,0,0,0,0,0,0,0,0,0,0,0,0,0,0,0,0,0,0,0,0,0,0,0,0,15,15,15,15,15,15,15,15,15,15,15,15,15,15,15,15,15,15,14,14,14,14,14,14,14,14,14,0,0,0,15,15,15,22,21,35,15,
15,15,15,15,15,15,15,15,15,14,14,24,23,23,23,23,23,23,23,23,17,17,17,17,17,23,23,23,23,23,23,23,23,23,23,23,23,23,0,14,14,14,14,14,14,14,14,89,2,2,2,2,91,15,15,15,15,15,15,15,15,15,15,0,0,0,0,0,0,17,0,0,0,0,0,0,0,0,0,0,0,0,0,0,0,0,0,52,0,0,0,0,15,15,0,15,15,0,15,15,0,15,0,15,0,15,15,15,15,15,0,15,15,0,15,0,15,15,15,0,15,15,0,0,0,16,0,0,0,0,0,0,0,0,0,0,0,0,0,0,0,0,0,51,0,0,0,0,0,0,0,0,0,0,0,0,0,0,0,0,0,0,0,0,0,14,14,14,14,14,14,14,14,14,14,14,14,14,14,14,14,14,14,0,0,0,0,0,0,0,0,0,0,0,0,15,15,15,22,21,35,15,
15,15,15,15,15,15,15,15,14,0,24,24,24,23,23,23,23,23,23,23,17,17,17,17,17,23,23,23,23,23,23,23,23,23,23,16,23,23,0,0,89,82,66,66,66,66,66,79,2,2,2,2,91,15,15,15,15,15,15,15,15,15,15,0,0,0,0,0,0,0,0,0,0,0,0,0,0,0,0,0,0,0,23,0,0,0,0,0,0,0,0,0,15,15,0,15,15,0,15,15,0,15,0,15,0,15,15,15,15,15,0,15,15,0,15,0,15,15,15,0,15,15,0,0,0,24,0,0,0,0,0,0,0,0,0,0,0,0,0,0,0,0,0,0,0,0,0,0,0,0,0,0,0,0,0,0,0,23,0,0,0,0,0,0,0,0,0,0,0,0,0,0,0,0,0,0,0,0,0,0,0,0,0,0,0,0,0,23,0,0,0,0,0,0,0,15,15,15,22,21,35,15,
15,15,15,15,15,15,15,15,0,0,0,24,23,23,23,23,23,23,17,17,17,17,17,17,17,17,17,23,23,23,23,23,23,23,23,23,23,23,0,0,89,2,2,2,2,2,2,2,2,2,2,2,91,15,15,15,15,15,15,15,15,15,15,0,0,0,0,0,0,0,0,0,0,0,0,0,0,0,0,0,0,0,0,0,0,0,0,0,0,0,0,0,15,15,0,15,15,0,15,15,0,15,0,15,0,15,15,15,15,15,0,15,15,0,15,0,15,15,15,0,15,15,0,0,0,16,0,0,0,0,0,0,0,0,0,0,0,23,0,0,0,0,0,0,0,0,0,0,17,0,0,0,0,0,0,0,0,0,0,0,0,0,0,0,0,0,0,0,0,0,0,0,23,0,0,0,0,0,0,0,0,0,0,0,0,0,0,0,0,0,0,0,0,0,0,15,15,15,22,21,35,15,
15,15,15,15,15,15,15,14,0,0,0,0,23,23,23,23,23,17,17,17,17,17,17,17,17,17,17,17,23,23,23,23,23,23,23,23,23,23,0,0,89,2,2,2,2,2,2,2,2,2,2,2,91,15,15,15,15,15,15,15,15,15,15,15,15,15,15,15,15,15,15,15,15,0,0,0,0,0,0,0,0,0,0,0,0,0,0,0,0,0,0,0,15,15,0,15,15,0,15,15,0,15,0,15,0,15,15,15,15,15,0,15,15,0,15,0,15,15,15,0,15,15,0,0,0,0,0,0,0,0,0,0,0,0,0,0,0,0,0,0,0,0,0,0,0,0,0,0,0,0,0,0,0,0,0,0,0,0,0,0,0,0,0,0,0,0,0,0,0,0,0,0,0,0,0,0,0,0,0,0,0,0,0,0,0,0,0,0,0,0,0,0,17,0,0,15,15,15,22,21,35,15,
15,15,15,15,15,15,14,0,0,0,0,0,23,23,23,23,17,17,17,17,17,17,17,17,17,17,17,17,17,23,23,23,23,23,23,23,23,23,0,0,89,2,2,2,2,2,2,2,2,2,2,2,91,15,15,15,15,15,15,15,15,15,15,15,15,15,15,15,15,15,15,15,15,15,0,0,0,0,17,0,0,0,0,0,0,0,0,0,0,0,0,0,15,15,0,15,15,0,15,15,0,15,0,15,0,15,15,15,15,15,0,15,15,0,15,0,15,15,15,0,15,15,0,0,0,0,0,0,0,0,0,0,0,0,0,0,0,0,0,0,0,0,0,0,0,0,0,0,0,0,0,0,0,17,0,0,0,0,0,0,0,0,0,0,0,0,0,0,0,0,0,0,0,0,0,0,0,0,0,0,0,0,0,0,0,0,0,0,0,0,0,0,0,0,0,15,15,15,22,21,35,15,
15,15,15,15,15,15,0,0,0,0,0,23,23,23,23,23,17,17,17,17,17,17,17,17,17,17,17,17,17,23,23,23,23,23,23,23,23,23,51,0,89,2,2,2,2,92,88,88,88,88,88,88,15,15,15,15,15,15,15,15,15,15,15,15,15,15,15,15,15,15,15,15,15,15,0,0,0,0,0,0,0,0,15,15,15,15,15,15,15,15,15,15,15,15,0,15,15,0,15,15,0,15,0,15,0,15,15,15,15,15,0,15,15,0,15,0,15,15,15,0,15,15,0,0,0,0,0,0,0,0,0,0,0,0,52,0,0,0,0,0,0,0,0,0,0,15,0,0,0,0,15,0,0,0,0,0,0,0,0,0,0,0,0,0,0,0,0,0,0,0,0,0,0,0,0,0,0,0,0,0,17,0,0,0,0,0,0,0,0,0,0,0,0,0,0,15,15,15,22,21,35,15,
15,15,15,15,15,15,15,0,0,0,0,23,23,23,23,23,17,17,17,17,17,17,23,17,17,17,17,17,17,23,23,52,23,23,23,89,82,66,66,66,79,2,2,2,2,91,15,15,15,15,15,15,15,15,15,15,15,15,15,15,15,15,15,15,15,15,15,15,15,15,15,15,15,15,0,0,0,0,0,0,0,0,15,15,15,15,15,15,15,15,15,15,15,15,0,15,15,0,15,15,0,15,0,15,0,15,15,15,15,15,0,15,15,0,15,0,15,15,15,0,15,15,0,0,0,0,0,17,0,0,0,0,0,0,0,0,0,0,0,0,0,0,0,0,15,15,15,0,0,15,15,15,15,15,15,15,15,0,0,0,0,0,0,17,0,0,0,0,0,0,0,0,0,0,0,0,0,0,0,0,0,0,0,0,0,0,0,0,0,0,0,0,0,0,0,15,15,15,22,21,35,15,
15,15,15,15,15,15,15,0,0,0,0,23,23,23,23,23,23,17,17,17,17,23,23,23,17,17,17,17,23,23,23,23,23,23,23,89,2,2,2,2,2,2,2,2,2,91,15,14,14,14,14,14,14,14,14,14,14,14,14,14,14,14,14,14,14,14,14,14,14,14,14,14,14,14,0,0,0,0,0,0,0,0,14,14,15,15,15,14,15,15,15,15,15,15,0,15,15,0,15,15,0,15,0,15,0,15,15,15,15,15,0,15,15,0,15,0,15,15,15,0,15,15,0,0,0,0,0,0,0,0,0,0,0,0,0,0,0,0,0,0,0,0,15,15,14,15,14,15,15,14,15,15,15,15,15,15,15,0,0,0,0,0,0,0,0,0,0,0,0,0,0,0,0,0,0,0,0,0,0,0,0,0,0,0,0,0,0,0,0,0,0,0,0,0,0,14,14,14,22,21,35,15,
15,15,15,15,15,15,15,0,0,0,0,23,23,23,23,23,23,23,23,23,23,23,23,23,23,23,23,23,23,23,23,23,23,23,23,89,2,2,2,2,2,2,2,2,2,91,15,51,51,51,51,51,51,51,51,51,51,51,51,51,51,51,51,51,51,51,51,51,51,51,51,51,51,51,0,0,0,0,0,0,0,0,0,0,14,14,14,0,14,14,14,14,15,15,0,15,15,0,15,15,0,15,0,15,0,15,15,15,15,15,0,15,15,0,15,0,15,15,15,0,15,15,0,0,0,0,0,0,0,0,0,0,0,0,0,0,0,92,88,88,88,88,88,88,88,88,88,88,88,88,88,88,88,88,88,88,88,88,88,88,88,88,88,88,88,88,88,88,88,88,88,88,88,88,88,88,88,88,88,88,88,88,88,88,88,88,88,88,88,88,88,88,88,88,88,88,88,93,96,96,96,91,
15,15,15,15,15,15,15,15,0,0,0,0,23,23,23,23,23,23,23,23,23,23,23,23,23,23,23,23,23,23,23,23,23,23,0,89,2,2,2,2,2,2,2,2,2,91,15,0,0,0,0,0,0,0,0,0,0,0,0,0,0,0,0,0,0,0,0,0,0,0,0,0,0,0,0,0,0,0,0,0,0,0,0,0,0,0,0,0,0,0,0,0,15,15,0,15,15,0,15,15,0,15,0,15,0,15,15,15,15,15,0,15,15,0,15,0,15,15,15,0,15,15,0,0,0,0,0,0,0,0,0,0,0,0,0,0,0,91,0,0,0,0,0,0,0,15,0,0,0,0,0,15,15,15,15,15,15,15,15,15,15,15,0,15,15,15,15,15,15,15,15,15,15,0,0,15,15,15,15,15,15,0,0,0,15,15,15,15,0,0,0,15,15,15,0,15,15,89,96,96,96,91,
15,15,15,15,15,15,15,15,15,15,0,0,0,0,0,0,23,23,23,23,23,23,23,23,23,23,23,23,23,23,23,23,23,23,0,89,2,2,2,2,92,88,88,88,88,15,15,15,0,0,0,0,0,0,23,0,0,0,0,0,0,0,0,0,0,23,0,0,0,0,0,0,0,0,0,0,0,0,0,0,0,24,0,0,0,0,0,0,0,0,0,0,15,15,0,15,15,0,15,15,0,15,0,15,0,15,15,15,15,15,0,15,15,0,15,0,15,15,15,0,15,15,0,0,0,0,0,0,0,0,0,0,0,0,0,0,0,91,0,0,15,15,15,15,15,14,0,0,0,0,0,14,14,14,14,14,14,14,14,14,14,15,15,14,14,14,14,14,14,14,14,14,15,15,15,14,14,14,15,15,14,15,15,15,14,14,14,15,15,15,15,15,14,15,15,15,14,89,96,96,96,91,
15,15,15,15,15,15,15,15,15,15,15,0,0,0,0,15,0,0,0,0,52,0,23,23,23,23,89,82,66,66,66,66,66,66,66,79,2,2,2,2,91,15,15,15,15,15,15,15,0,0,0,0,0,0,0,0,0,0,0,0,0,0,0,0,0,0,0,0,0,0,0,0,0,0,0,0,0,0,0,0,0,24,0,0,17,0,0,0,0,0,23,0,15,15,0,15,15,0,15,15,0,15,0,15,0,14,60,59,63,15,0,15,15,0,15,0,15,15,15,0,15,15,0,0,0,0,0,52,0,0,0,0,0,0,0,0,0,91,0,0,15,15,15,15,14,0,0,0,0,0,0,0,0,0,0,0,0,0,0,0,0,14,14,0,0,0,0,0,0,0,0,0,14,14,14,0,0,0,14,14,0,14,14,14,0,0,0,14,14,14,14,14,0,14,14,14,17,89,96,96,96,91,
15,15,15,15,15,15,15,15,15,15,15,15,0,15,15,15,15,0,0,0,0,0,0,0,0,0,89,2,2,2,2,2,2,2,2,2,2,2,2,2,91,14,14,14,14,14,14,14,0,0,0,0,0,0,0,0,0,0,0,0,0,0,0,0,0,0,0,0,0,0,0,0,17,0,0,0,0,0,0,23,0,24,0,0,0,0,0,0,52,0,0,0,15,15,0,15,15,0,15,15,0,15,0,15,0,0,61,57,64,15,0,15,15,0,15,0,15,15,15,0,15,15,0,0,0,0,0,0,0,0,0,0,0,0,0,0,0,91,0,0,14,15,15,14,0,0,0,0,0,0,0,0,0,0,0,0,0,23,0,0,0,0,0,0,0,0,0,0,0,0,0,0,0,0,0,0,0,0,0,0,0,0,0,0,0,0,0,0,0,0,0,0,0,0,0,0,0,89,96,96,96,91,
15,15,15,15,15,15,15,15,15,15,15,15,15,15,15,15,15,15,0,0,0,0,0,0,0,0,89,2,2,2,2,2,2,2,2,2,2,2,2,2,91,0,0,0,0,0,0,0,0,0,0,0,0,0,0,0,0,0,0,0,0,0,0,0,0,0,0,0,0,0,0,0,0,0,0,0,0,0,0,0,0,24,0,0,0,0,0,0,0,0,0,0,15,15,0,15,15,0,15,15,0,15,0,15,0,0,53,54,53,15,0,15,15,0,15,0,15,15,15,0,15,15,0,0,0,0,0,0,0,0,0,0,0,0,0,0,0,91,0,15,15,15,14,0,23,0,0,0,0,0,0,0,0,0,0,0,0,0,0,0,0,0,0,0,0,0,0,0,0,0,17,0,0,0,0,0,0,0,0,0,0,0,0,0,0,0,0,0,0,0,0,0,0,0,0,0,0,89,96,96,96,91,
15,15,15,15,15,15,15,15,15,15,15,15,15,15,15,15,15,15,15,0,0,0,0,0,15,15,89,2,2,2,2,2,2,2,2,2,2,2,2,2,91,0,0,0,0,0,0,0,0,0,0,0,0,0,16,0,0,0,0,0,0,23,0,0,0,0,0,0,0,0,52,0,0,0,0,0,0,0,0,0,0,24,0,0,0,0,0,0,0,0,0,0,15,15,0,15,15,0,15,15,0,15,0,15,0,0,0,0,0,15,0,15,15,0,15,0,15,15,15,0,15,15,0,0,0,0,0,0,0,0,0,0,0,0,0,0,0,91,15,15,15,14,0,0,0,0,0,16,0,0,0,17,0,0,0,0,0,0,24,16,0,0,0,0,0,0,0,0,0,0,0,0,0,0,0,0,0,0,0,0,0,15,15,15,15,15,15,17,0,0,0,0,0,0,0,0,0,89,96,96,96,91,
15,15,15,15,15,15,15,15,15,15,15,15,15,15,15,15,15,15,15,15,15,0,0,0,15,15,89,2,2,2,2,92,88,88,88,88,88,88,88,88,15,0,0,0,0,0,0,0,0,0,0,23,0,0,0,0,0,0,0,0,0,0,0,0,0,0,0,17,0,0,0,0,0,0,0,0,0,0,0,0,0,24,0,0,0,0,0,0,0,17,0,0,15,15,0,15,15,0,15,15,0,15,0,15,0,0,0,0,0,15,0,15,15,0,15,0,15,15,15,0,15,15,0,0,0,0,0,0,0,0,0,0,0,0,0,17,0,91,15,15,15,15,0,0,0,0,0,0,0,0,0,0,0,0,0,0,0,0,0,0,0,0,15,0,0,0,15,15,15,0,0,0,15,15,0,0,0,0,0,0,0,0,15,15,15,15,15,15,15,15,0,0,0,0,0,0,0,0,22,21,35,15,
15,14,15,14,15,15,15,15,15,15,15,15,15,15,15,15,15,15,15,15,15,15,15,15,15,15,89,2,2,2,2,91,0,15,15,15,15,15,15,15,14,0,0,0,0,0,0,0,0,0,0,0,0,0,0,0,0,0,0,0,0,0,0,0,0,0,0,0,0,0,0,0,23,0,0,0,0,0,0,0,0,0,0,0,0,0,0,0,0,0,0,0,15,15,0,15,15,0,15,15,0,15,0,15,15,0,0,0,15,15,0,15,15,0,15,0,15,15,15,0,15,15,0,0,24,0,0,0,0,0,0,0,0,0,0,0,0,91,15,15,15,15,0,0,0,0,0,0,0,0,0,0,0,0,0,0,0,0,0,0,0,0,15,0,15,0,15,14,14,15,0,15,15,15,15,15,0,15,15,15,15,15,14,14,14,14,14,14,15,14,0,0,0,0,0,0,0,0,22,21,35,15,
15,0,15,0,14,15,15,14,14,15,14,15,15,15,14,15,15,15,15,15,15,15,15,15,15,15,89,2,2,2,2,91,0,15,15,15,15,15,15,15,0,0,0,0,0,0,0,0,0,0,0,0,0,0,0,0,0,0,0,0,0,0,0,0,0,0,0,0,0,0,0,0,0,0,0,0,0,0,0,0,0,0,0,0,0,0,0,0,0,0,0,0,15,15,0,15,15,0,15,15,0,15,0,15,15,15,15,15,15,15,0,15,15,0,15,0,15,15,15,0,15,15,0,0,0,0,0,0,0,0,0,0,0,0,0,0,0,91,15,15,15,15,15,15,0,0,0,0,0,0,0,0,23,0,0,0,0,0,0,0,0,0,14,0,14,15,15,0,0,14,15,14,14,14,14,14,15,15,14,14,14,14,0,0,17,0,0,0,14,0,0,0,0,0,0,0,0,0,22,21,35,15,
15,0,15,15,15,14,15,15,15,15,15,15,14,15,0,15,15,14,14,14,14,14,14,14,14,14,89,2,2,2,2,91,0,15,14,14,15,15,15,15,15,15,0,0,17,0,0,52,0,0,0,0,0,0,0,0,0,0,0,17,0,0,0,0,0,0,0,0,0,0,0,0,0,23,0,0,0,16,0,0,0,0,0,0,0,0,0,0,0,0,0,0,15,15,0,15,15,0,15,15,0,15,0,15,15,15,15,15,15,15,0,15,15,0,15,0,15,15,15,0,15,15,0,0,0,0,0,0,0,0,0,0,0,0,0,0,0,91,14,15,15,15,15,15,0,0,0,0,0,0,0,0,0,0,0,0,0,0,0,0,0,0,15,15,15,14,15,15,0,0,14,0,0,0,0,0,14,14,0,0,0,0,0,0,0,0,0,0,0,0,0,0,0,0,0,0,0,0,22,21,35,15,
15,0,15,15,15,15,15,15,15,14,14,14,0,14,0,14,14,89,82,66,66,66,66,66,66,66,79,2,2,2,2,91,0,15,0,0,15,15,14,15,15,14,15,0,0,0,0,0,0,0,0,0,23,0,0,0,0,0,0,0,0,0,0,0,0,0,0,0,0,0,0,0,0,0,0,0,0,0,0,0,0,0,0,0,0,0,0,0,0,0,0,0,15,15,0,15,15,0,15,15,0,15,0,0,0,0,0,0,0,0,0,15,15,0,15,0,15,15,15,0,15,15,0,0,0,0,0,0,0,0,0,0,0,0,0,51,0,91,0,14,15,15,15,15,15,0,0,0,0,0,0,0,0,0,0,0,0,0,0,0,0,0,15,14,14,0,14,14,0,0,0,0,0,0,0,0,0,0,0,0,0,0,0,0,0,0,0,0,0,0,0,0,0,0,0,0,0,0,22,21,35,15,
14,0,14,14,14,14,14,14,14,89,82,66,66,66,66,66,66,79,2,2,2,2,2,2,2,2,2,2,2,2,2,91,0,15,0,0,15,14,15,15,14,15,15,15,15,0,0,0,0,0,0,0,0,0,0,0,0,17,0,0,0,0,0,16,0,0,0,0,0,0,0,0,0,0,0,0,0,0,0,0,0,0,0,0,0,0,0,0,23,0,0,0,15,15,0,15,15,0,15,15,0,15,0,0,0,0,0,0,0,0,0,15,15,0,15,0,15,15,15,0,15,15,0,0,0,0,23,0,0,0,0,0,0,0,0,0,0,91,0,0,15,15,15,15,15,0,0,0,0,0,0,0,0,0,0,0,0,16,0,23,0,15,15,29,36,36,36,36,36,36,36,36,36,36,36,36,36,36,36,36,36,36,36,36,36,36,36,36,36,36,36,36,36,36,36,36,36,36,25,21,35,15,
66,66,66,66,66,66,66,66,66,79,2,2,2,2,2,2,2,2,2,2,2,2,2,2,2,2,2,2,2,2,2,91,0,15,0,0,15,15,14,15,0,15,15,15,15,0,0,0,0,0,0,0,0,0,0,0,0,0,0,0,0,0,0,0,0,0,0,0,0,0,0,0,0,0,0,0,0,0,0,0,0,0,0,0,0,0,0,0,0,0,0,0,15,15,0,15,15,0,15,15,0,15,15,15,15,15,15,15,15,15,15,15,15,0,15,0,15,15,15,0,15,15,0,0,0,0,0,0,0,0,0,0,0,0,0,0,0,91,15,15,15,15,15,15,14,0,0,0,51,0,0,0,0,0,0,0,0,0,0,0,0,15,15,22,21,21,21,21,21,21,21,21,21,21,21,21,21,21,21,21,21,21,21,21,21,21,21,21,21,21,21,21,21,21,21,21,21,21,21,21,35,15,
2,2,2,2,2,2,2,2,2,2,2,2,2,2,2,2,2,2,2,2,2,2,2,2,2,2,2,2,2,2,2,91,0,15,0,0,15,14,0,15,15,15,15,15,15,0,0,23,0,0,0,0,0,0,0,0,0,0,0,0,0,0,0,0,0,0,0,0,0,0,0,0,0,0,0,0,0,0,0,0,0,0,0,0,0,0,0,0,0,0,0,0,15,15,0,15,15,0,15,15,0,15,15,15,15,15,15,15,15,15,15,15,15,0,15,0,15,15,15,0,15,15,0,0,23,0,0,0,0,0,52,0,0,0,0,0,0,91,15,15,15,15,15,14,0,0,0,0,0,0,0,0,0,0,0,23,0,0,0,0,0,15,15,22,21,21,21,21,21,21,21,21,21,21,21,21,21,21,21,21,21,21,21,21,21,21,21,21,21,21,21,21,21,21,21,21,21,21,21,21,35,15,
2,2,2,2,2,2,2,2,2,2,2,2,2,2,2,2,2,2,2,2,2,2,92,88,88,88,88,88,88,88,88,0,15,15,0,0,14,0,0,14,15,15,15,14,15,0,0,0,0,0,0,0,0,0,0,0,0,51,0,0,0,0,0,0,0,0,0,0,0,0,0,23,0,0,24,0,0,0,0,0,0,0,0,0,0,0,0,0,0,0,0,0,15,15,0,15,15,0,15,15,0,15,15,15,15,15,15,15,15,15,15,15,15,0,15,0,15,15,15,0,15,15,0,0,0,0,0,0,0,0,0,0,0,0,0,0,0,91,15,15,15,15,15,0,0,0,0,0,0,0,0,0,0,0,0,0,0,0,0,0,15,15,15,22,21,21,21,21,21,21,21,21,21,21,21,21,21,21,21,21,21,21,21,21,21,21,21,21,21,21,21,21,21,21,21,21,21,21,21,21,35,15,
2,2,2,2,2,2,2,2,2,2,2,2,2,2,92,88,88,88,88,88,88,88,15,15,15,15,15,15,15,15,15,15,14,14,0,0,0,23,0,0,14,15,15,15,14,15,15,15,15,15,0,0,0,0,0,0,0,0,0,0,0,0,0,0,0,0,0,0,0,0,0,0,0,0,0,0,0,0,0,0,0,0,0,0,0,0,0,0,0,52,0,0,15,15,0,15,15,0,15,15,0,14,14,14,14,14,14,14,14,14,14,14,14,0,15,0,15,15,15,0,15,15,0,0,0,0,0,0,0,0,0,0,0,0,0,0,0,91,14,14,15,15,15,0,0,0,0,0,0,23,0,0,0,0,0,0,0,0,15,15,15,14,15,22,21,21,21,21,21,21,21,21,21,21,21,21,21,21,21,21,21,21,21,21,21,21,21,21,21,21,21,21,21,21,21,21,21,21,21,21,35,15,
88,88,88,88,88,88,88,88,88,88,88,88,88,88,0,15,15,15,15,15,15,15,14,14,14,14,14,14,14,14,14,14,0,0,17,0,0,0,0,0,15,14,15,15,15,15,14,14,14,15,0,0,0,0,0,23,0,0,0,0,0,0,0,0,0,0,0,0,0,0,0,0,0,0,0,0,0,0,0,0,0,0,0,0,17,0,0,0,0,0,0,0,15,15,0,15,15,0,15,15,0,0,0,0,0,0,0,0,0,0,0,0,0,0,15,0,15,15,15,0,15,15,0,0,0,51,0,0,0,0,0,0,0,0,0,0,0,91,15,0,15,14,14,0,0,0,0,0,0,0,0,0,0,0,0,0,0,0,14,14,14,15,15,22,21,21,21,21,21,27,34,34,34,34,34,34,34,34,34,34,34,34,34,34,34,34,34,34,34,34,34,34,34,34,34,34,34,34,34,34,19,15,
15,15,0,15,15,15,15,15,15,15,0,15,15,15,15,14,14,14,14,14,14,14,0,0,0,0,0,0,0,0,0,0,0,0,0,0,0,0,0,15,15,15,15,15,15,15,15,0,0,15,15,0,15,0,0,0,0,0,0,0,0,0,0,0,0,0,0,0,0,0,0,0,0,0,0,0,0,0,0,0,0,0,0,0,0,0,0,0,15,0,0,15,15,15,0,15,15,0,15,15,15,15,15,15,15,15,15,15,15,15,15,15,15,15,15,0,15,15,15,0,15,15,0,0,0,0,0,0,0,0,0,0,0,0,17,0,0,91,14,15,15,0,0,0,0,0,0,0,0,0,0,0,0,0,0,0,0,0,0,0,15,15,14,22,21,21,21,21,21,35,0,103,103,103,103,103,103,0,0,0,0,0,0,0,0,0,0,0,0,0,0,0,0,103,103,103,103,103,103,0,15,15,
15,15,15,15,15,15,15,15,15,14,0,15,14,14,14,0,0,0,0,0,0,0,17,0,0,0,0,0,0,0,0,0,0,0,0,0,0,0,0,14,15,14,15,15,15,15,15,0,0,15,15,15,14,15,0,15,0,0,0,0,0,0,0,0,0,0,0,0,0,0,0,17,0,0,0,0,0,0,0,0,0,0,15,0,0,15,0,15,14,0,15,14,15,15,0,15,15,0,15,15,15,15,15,15,15,15,15,15,15,15,15,15,15,15,15,0,15,15,15,0,15,15,0,0,0,0,0,0,0,0,0,0,0,0,0,0,0,91,0,15,15,15,0,0,0,0,0,16,0,0,0,0,0,16,0,0,0,0,15,15,15,14,0,22,21,21,21,21,21,35,0,106,3,3,3,3,107,0,0,0,0,0,0,0,0,0,0,0,0,0,0,0,0,106,3,3,3,3,107,0,15,15,
15,14,14,14,14,14,15,15,15,15,15,15,0,0,0,0,0,0,0,0,0,0,0,0,0,52,0,0,0,0,0,0,0,0,0,0,0,0,0,0,14,15,15,15,14,15,15,15,0,15,15,15,0,15,0,15,0,0,0,0,0,0,23,0,0,0,0,0,15,15,15,15,15,15,0,15,15,15,15,15,15,15,14,0,15,14,15,14,0,15,14,15,15,15,0,15,15,0,14,14,14,14,14,14,14,14,14,14,14,14,14,14,14,14,14,0,15,15,15,0,15,15,0,0,0,0,0,0,0,0,0,0,0,0,0,0,0,91,15,15,15,14,15,15,0,0,0,0,0,0,0,0,0,0,0,0,0,15,15,14,14,0,0,22,21,21,21,21,21,35,0,106,3,3,3,3,107,0,0,0,0,0,0,0,0,0,0,0,0,0,0,0,0,106,3,3,3,3,107,0,15,15,
15,0,0,0,0,0,15,14,14,14,14,14,0,0,0,0,0,0,0,0,0,0,0,0,0,0,0,0,0,0,0,0,0,0,0,0,0,0,0,0,0,14,15,15,15,15,14,15,15,15,14,15,15,15,15,15,15,15,15,0,0,0,0,0,0,0,15,15,15,15,14,15,15,14,15,15,15,15,14,15,14,14,0,15,14,0,14,0,0,14,0,15,15,15,0,15,15,0,0,0,0,0,0,0,0,0,0,0,0,0,0,0,0,0,0,0,15,15,15,0,15,15,0,0,0,0,0,0,0,0,0,0,0,0,0,0,0,91,15,15,15,15,14,15,0,0,0,0,0,0,0,0,0,0,0,0,0,15,15,0,0,0,0,22,21,21,21,21,21,35,0,106,3,3,3,3,107,0,0,0,0,0,0,0,0,0,0,0,0,0,0,0,0,106,3,3,3,3,107,0,15,15,
15,15,15,15,15,15,15,0,0,0,0,0,0,0,0,0,0,0,0,0,0,0,0,0,0,0,0,0,0,0,0,23,0,0,24,0,0,0,0,0,0,0,14,15,14,15,15,15,15,15,0,14,14,15,15,15,15,14,15,0,0,15,0,15,15,15,14,14,14,15,0,15,14,15,15,14,14,15,15,14,0,0,0,14,0,0,0,0,0,0,0,14,15,15,0,15,15,15,15,15,15,15,15,15,15,15,15,15,15,15,15,15,15,15,15,15,15,15,15,0,15,15,0,0,0,0,0,0,0,0,0,0,0,0,0,0,0,91,15,15,15,14,0,14,0,0,0,0,0,0,0,0,0,0,0,0,0,14,15,0,0,0,0,22,21,21,21,21,21,35,0,106,3,3,3,3,107,103,103,103,103,103,103,103,103,103,103,103,103,103,103,103,103,106,3,3,3,3,107,0,15,15,
15,15,15,14,14,14,14,0,0,0,0,0,0,0,0,0,0,16,0,0,0,23,0,0,0,0,0,0,0,0,0,0,0,0,0,0,0,0,0,0,17,0,0,15,15,15,15,15,15,15,0,23,0,14,14,14,15,15,15,15,15,15,15,15,14,14,15,0,0,14,0,14,0,14,14,0,0,14,14,0,0,0,0,0,0,0,17,0,0,0,0,0,15,15,0,15,15,15,15,15,15,15,15,15,15,15,15,15,15,15,15,15,15,15,15,15,15,15,15,0,15,15,0,0,0,0,0,0,0,0,0,0,0,0,0,0,0,91,15,15,15,0,0,0,0,0,0,0,0,0,0,0,0,0,0,0,0,15,15,0,0,0,0,22,21,21,21,21,21,35,0,105,101,101,101,101,104,106,3,3,3,3,3,3,3,3,3,3,3,3,3,3,107,105,101,101,101,101,104,0,15,15,
15,15,15,0,0,0,0,0,0,0,17,0,0,0,0,0,0,0,0,0,0,0,0,0,0,0,0,0,0,0,0,0,0,0,0,0,0,0,0,0,0,0,0,14,14,14,14,14,14,14,0,0,52,0,0,0,14,14,14,15,14,15,14,14,0,0,14,0,0,0,0,0,0,0,0,0,0,0,0,0,0,0,0,0,0,0,0,0,0,0,0,0,15,15,0,15,15,15,15,15,15,15,15,15,15,15,15,15,15,15,15,15,15,15,15,15,15,15,15,0,15,15,0,0,0,0,0,0,0,0,0,0,0,0,0,0,0,91,15,15,15,0,0,0,0,0,0,0,0,0,0,0,0,0,0,0,15,15,14,0,0,23,0,22,21,21,21,21,21,35,0,99,18,18,18,18,100,106,3,3,3,3,3,3,3,3,3,3,3,3,3,3,107,18,18,18,18,18,100,0,15,15,
15,15,15,0,0,0,0,0,0,0,0,0,0,0,0,0,0,0,0,0,0,0,0,0,0,0,0,0,0,0,0,0,0,0,0,0,0,0,0,16,0,0,0,0,0,0,0,0,0,0,0,0,0,0,0,0,0,0,0,14,0,14,0,17,0,0,0,0,0,0,0,0,0,0,0,0,0,0,0,0,0,0,0,0,0,0,0,0,0,0,0,0,15,15,0,15,15,15,15,15,15,15,15,15,15,15,15,15,15,15,15,15,15,15,15,15,15,15,15,0,15,15,51,0,0,0,0,0,23,0,0,0,0,0,0,0,0,91,15,14,14,0,0,0,0,0,0,0,0,0,0,17,0,0,0,0,15,14,0,0,0,0,0,22,21,21,21,21,21,35,0,99,18,18,18,18,100,106,3,3,3,3,3,3,3,3,3,3,3,3,3,3,107,99,18,18,18,18,100,0,15,15,
15,15,15,0,0,0,0,0,0,0,0,0,0,0,0,0,0,0,0,0,0,0,0,0,0,0,0,0,0,0,0,0,0,0,0,0,0,0,0,0,0,0,0,0,0,0,0,0,0,0,0,0,0,0,0,0,0,0,0,0,0,0,0,0,0,0,0,0,0,23,0,0,0,0,0,0,0,0,0,23,0,0,0,0,0,0,0,0,0,0,0,0,15,15,0,14,14,14,14,14,14,14,14,14,14,14,14,14,14,14,14,14,14,14,14,14,14,14,14,0,15,15,0,0,0,0,0,0,0,0,0,0,0,0,24,0,15,91,14,0,0,0,0,17,0,0,0,0,0,0,0,0,0,0,15,15,14,0,0,0,0,0,0,22,21,21,21,21,21,35,0,99,98,18,18,98,100,106,3,3,3,3,3,3,3,3,3,3,3,3,3,3,107,99,98,18,18,98,100,0,15,15,
15,15,15,0,0,0,0,0,0,0,52,0,0,0,0,0,0,0,0,0,0,0,0,0,0,15,15,0,0,0,0,0,0,0,15,15,0,0,0,0,0,0,0,0,0,0,0,0,0,0,0,0,0,0,0,0,0,0,0,0,0,0,0,0,0,0,0,0,0,0,0,0,0,0,0,0,0,0,0,0,0,0,0,0,0,0,0,0,0,52,0,0,15,15,0,0,0,0,0,0,0,0,0,0,0,0,0,0,0,0,0,0,0,0,0,0,0,0,0,0,15,15,0,0,0,0,0,0,0,0,0,0,0,0,0,15,15,91,15,15,0,0,0,0,0,0,0,0,0,0,0,0,0,15,15,14,0,0,0,0,0,0,0,22,21,21,21,21,21,35,0,99,97,18,18,97,100,106,3,3,3,3,3,3,3,3,3,3,3,3,3,3,107,99,97,18,18,97,100,0,15,15,
15,15,15,0,0,0,0,0,0,0,0,0,0,0,0,0,0,0,0,0,0,0,0,0,15,14,15,15,15,15,15,0,15,15,14,15,15,0,0,0,0,0,0,23,0,0,0,0,0,0,0,0,0,0,0,0,0,23,0,0,0,0,0,0,0,0,0,0,0,0,0,0,0,0,0,0,0,0,0,0,0,0,0,0,0,0,0,0,0,0,0,0,15,15,15,15,15,15,15,15,15,15,15,15,15,15,15,15,15,15,15,15,15,15,15,15,15,15,15,15,15,15,0,0,0,0,0,0,0,0,0,0,0,0,0,15,15,91,15,14,0,0,52,0,0,0,0,0,0,0,0,0,15,15,15,15,0,0,0,0,0,0,0,22,21,21,21,21,21,35,0,99,18,18,18,18,100,106,3,3,3,3,3,3,3,3,3,3,3,3,3,3,107,99,18,18,18,18,100,0,15,15,
15,15,15,0,0,0,0,0,0,0,92,88,88,88,88,88,88,88,88,88,88,88,88,88,88,88,88,88,88,88,88,88,88,88,88,88,88,88,88,88,88,88,88,88,88,88,88,88,88,88,88,88,88,88,88,88,88,88,88,88,88,88,88,88,88,88,88,88,88,88,88,88,88,88,88,88,88,88,88,88,88,88,88,93,0,23,0,0,0,0,0,0,15,15,15,15,15,15,15,15,15,15,15,15,15,15,15,15,15,15,15,15,15,15,15,15,15,15,15,15,15,15,0,0,0,0,0,0,0,0,0,0,0,15,15,15,15,91,14,0,0,0,0,0,0,0,0,0,0,0,0,0,15,15,15,14,0,0,0,0,0,0,0,22,21,21,21,21,21,35,0,99,18,18,18,18,100,106,3,3,3,3,3,3,3,3,3,3,3,3,3,3,107,99,18,18,18,18,100,0,15,15,
15,15,15,0,0,0,0,0,0,0,91,0,0,15,15,15,15,15,15,15,15,15,15,15,15,15,15,15,15,15,15,15,15,15,15,15,15,15,15,15,0,0,0,0,0,0,15,15,0,15,17,0,15,15,0,0,15,0,0,0,0,0,0,0,0,51,0,0,0,0,0,0,0,0,17,15,15,15,15,15,0,0,0,89,0,0,0,0,0,0,0,0,14,14,14,14,14,14,14,14,14,14,14,14,14,14,14,14,14,14,14,14,14,14,14,14,14,14,14,14,14,14,0,0,0,0,0,0,0,0,0,23,0,14,15,15,0,91,0,0,0,0,0,0,0,0,0,0,0,0,0,15,15,14,14,0,0,0,0,0,0,0,0,22,21,21,21,21,21,35,0,102,102,102,102,102,102,106,3,3,3,3,3,3,3,3,3,3,3,3,3,3,107,102,102,102,102,102,102,0,15,15,
15,15,15,0,0,0,0,0,0,0,91,0,15,14,14,15,15,15,15,15,15,15,15,15,15,15,15,15,15,15,15,15,15,15,15,15,15,15,15,15,15,15,0,15,15,15,15,14,0,15,15,15,15,15,15,15,14,0,15,0,0,0,0,0,0,0,0,0,0,0,0,0,0,0,0,15,15,15,15,15,0,0,0,89,0,0,0,0,0,0,0,0,0,0,0,0,0,0,0,0,0,0,0,0,0,0,0,0,0,0,0,0,0,0,0,0,0,0,0,0,0,0,0,0,0,0,0,0,0,0,0,15,15,15,15,15,0,91,24,0,0,0,0,0,0,0,0,0,17,0,0,15,15,0,0,0,0,0,0,0,0,0,0,22,21,21,21,21,21,35,0,106,3,3,3,3,107,106,3,3,3,3,3,3,3,3,3,3,3,3,3,3,107,106,3,3,3,3,107,0,15,15,
15,15,15,0,51,0,17,0,0,0,91,0,15,15,0,15,15,15,15,15,15,15,15,15,15,15,15,15,15,15,15,15,15,15,15,15,15,15,15,15,15,15,15,14,15,15,15,15,15,15,15,15,15,15,15,15,15,0,14,15,0,0,0,0,0,0,0,0,0,0,0,0,0,0,15,15,15,15,15,15,15,0,0,89,0,0,0,0,0,0,0,0,0,0,0,0,0,0,0,0,0,0,0,0,0,0,0,0,0,0,0,0,0,0,0,23,0,0,0,0,0,0,0,0,0,0,0,0,0,0,0,15,15,15,14,14,0,91,0,0,0,0,0,0,0,24,24,0,0,0,15,15,15,0,0,0,17,0,0,0,0,0,23,22,21,21,21,21,21,35,0,106,3,3,3,3,107,105,101,101,101,101,101,101,101,101,101,101,101,101,101,101,104,106,3,3,3,3,107,0,15,15,
15,15,15,0,0,0,0,0,0,0,91,0,14,14,15,15,15,15,15,15,15,15,15,15,15,15,15,15,15,15,15,15,15,15,15,15,15,15,15,15,15,15,15,15,15,15,15,15,15,15,15,15,15,15,15,15,15,15,0,14,0,0,0,0,0,15,15,0,0,0,15,15,15,15,15,15,15,15,15,15,15,15,0,89,0,0,0,0,0,0,0,0,0,0,0,0,0,0,0,0,0,0,0,0,0,0,0,0,0,0,0,0,0,0,0,0,0,0,0,0,0,0,0,0,0,0,0,0,0,0,15,15,15,14,0,0,23,91,0,0,0,0,0,0,0,24,24,0,0,0,15,15,15,0,0,0,0,0,0,0,0,0,0,22,21,21,21,21,21,35,0,106,3,3,3,3,107,18,18,18,18,18,18,18,18,18,18,18,18,18,18,18,18,106,3,3,3,3,107,0,15,15,
15,15,15,0,0,0,0,0,0,0,91,0,0,0,14,15,15,15,15,15,15,15,15,15,15,15,15,15,15,15,15,15,15,15,15,15,15,15,15,15,15,15,15,15,15,15,15,15,15,15,15,15,15,15,15,15,15,15,15,0,0,15,15,0,15,15,14,0,15,15,15,15,15,15,15,15,15,15,15,15,15,15,0,89,0,15,15,15,15,15,15,0,0,0,15,15,0,0,0,17,0,0,0,0,0,0,0,0,0,0,0,0,0,0,0,0,0,0,0,0,0,0,0,0,0,17,0,0,15,15,15,15,15,0,0,0,0,91,0,0,0,0,0,0,0,0,0,0,0,0,15,14,14,0,0,0,0,0,0,0,0,0,0,22,21,21,21,21,21,35,0,106,3,3,3,3,107,18,18,18,18,18,18,18,18,18,18,18,18,18,18,18,18,106,3,3,3,3,107,0,15,15,
15,15,15,0,0,0,0,16,0,0,91,0,0,0,0,15,15,15,15,15,15,15,15,15,15,15,15,15,15,15,15,15,15,15,15,15,15,15,15,15,15,15,15,15,15,15,15,15,15,15,15,15,15,15,15,14,14,14,14,15,15,15,15,0,15,15,15,15,15,15,15,15,15,15,14,14,14,14,15,15,15,15,15,89,15,15,15,15,15,15,15,15,0,15,15,15,15,0,0,0,0,0,15,15,15,0,0,0,0,0,0,0,0,0,0,0,0,0,0,0,0,0,0,0,52,0,15,15,15,15,15,14,14,0,0,0,0,91,0,0,0,0,0,0,0,0,0,0,0,15,15,0,0,0,0,0,0,0,0,0,0,0,0,22,21,21,21,21,21,35,0,105,101,101,101,101,104,18,18,18,98,18,18,108,108,108,108,18,18,98,18,18,18,105,101,101,101,101,104,0,15,15,
15,15,15,0,0,0,23,0,0,0,91,0,0,0,0,14,14,15,15,15,15,15,15,15,15,15,15,15,15,14,15,15,15,15,15,14,15,15,15,15,15,15,15,15,15,14,15,14,14,15,15,15,15,15,15,0,0,0,0,14,14,14,15,15,14,14,14,14,14,14,15,15,15,14,0,0,0,0,14,14,14,14,15,89,15,15,15,14,14,15,15,15,15,15,15,15,15,15,0,0,0,15,15,15,15,15,0,0,0,17,0,0,0,0,15,15,0,0,0,0,15,15,15,0,0,15,15,15,15,15,15,0,0,0,0,0,0,91,0,0,0,0,0,0,0,0,0,0,15,15,14,0,0,0,0,0,0,0,23,0,0,0,0,22,21,21,21,21,21,35,0,99,18,18,18,18,100,18,18,18,97,18,18,108,108,108,108,18,18,97,18,18,18,99,18,18,18,18,100,0,15,15,
15,15,14,0,0,0,0,0,0,0,91,0,23,0,0,0,0,15,15,15,15,15,15,15,15,15,15,15,0,0,14,14,14,14,14,0,14,15,15,15,15,15,15,15,15,15,14,0,0,14,14,14,14,15,15,0,0,0,0,0,0,15,15,14,0,0,0,51,0,0,14,14,15,0,0,0,0,17,0,0,0,0,14,89,15,14,14,0,0,14,14,14,15,15,15,15,15,15,15,15,15,15,15,15,15,15,15,15,15,15,15,15,15,15,15,15,15,15,15,15,15,15,15,15,15,15,15,15,15,14,14,0,0,0,0,0,0,91,0,17,0,0,0,0,0,0,0,15,15,14,0,0,0,0,0,0,0,0,0,0,0,0,0,22,21,21,21,21,21,35,0,99,98,18,18,98,100,18,18,18,18,18,18,108,108,108,108,18,18,18,18,18,18,99,98,18,18,98,100,0,15,15,
15,15,0,0,0,0,0,0,0,0,91,0,0,0,0,0,0,15,15,15,15,15,14,15,15,14,14,14,0,0,0,0,0,0,0,0,0,14,15,15,14,14,14,14,14,14,0,0,0,0,0,0,0,15,15,0,0,0,0,0,15,15,14,0,0,0,0,0,0,23,0,0,14,0,0,0,0,0,0,0,0,0,0,89,14,0,0,0,0,0,0,0,14,14,15,15,14,14,14,15,15,15,15,15,14,15,15,15,15,15,15,15,15,15,15,15,14,14,14,14,14,14,14,15,15,15,15,15,14,0,0,0,0,0,0,0,0,91,0,0,0,0,0,0,0,0,0,15,15,0,0,0,0,0,0,0,0,0,0,0,0,0,0,22,21,21,21,21,21,35,0,99,97,18,18,97,100,18,18,18,18,18,18,108,109,109,108,18,18,18,18,18,18,99,97,18,18,97,100,0,15,15,
15,15,0,0,0,0,0,0,0,0,74,66,67,66,84,91,0,14,15,15,15,14,0,14,14,0,0,0,0,0,0,0,0,23,0,0,0,0,14,14,0,0,0,0,0,0,0,0,0,0,17,0,0,14,14,0,0,0,0,0,14,14,0,0,0,0,0,0,0,0,0,0,0,0,0,0,0,0,0,0,0,0,0,0,88,88,88,88,88,88,88,88,88,88,88,88,88,88,88,88,88,88,88,88,88,88,88,88,88,88,88,88,88,88,88,88,88,88,88,88,88,88,88,88,88,88,88,88,88,88,88,88,88,88,88,88,88,0,0,0,0,0,0,23,0,0,15,15,14,0,0,17,0,0,0,0,0,0,0,0,0,0,0,22,21,21,21,21,21,35,0,99,18,18,18,18,100,82,66,66,66,66,66,71,71,71,71,66,66,66,66,66,84,99,18,18,18,18,100,0,15,15,
15,15,0,0,0,0,0,0,0,0,74,66,67,66,83,91,0,0,14,14,14,0,0,0,0,0,0,0,0,0,0,0,0,0,0,0,0,0,0,0,0,0,0,0,0,23,0,0,0,0,0,52,0,0,0,0,0,0,0,0,0,0,0,0,0,0,0,0,0,0,0,0,0,0,52,0,0,0,0,0,0,0,0,0,0,0,0,0,0,0,0,0,0,0,0,0,0,0,0,0,15,15,15,0,0,0,0,0,15,15,15,15,15,15,15,15,0,0,0,0,0,0,0,0,0,0,15,15,0,0,0,0,0,0,0,0,0,0,0,0,0,0,0,0,0,15,15,15,0,0,0,0,0,0,0,0,0,0,0,0,0,0,0,22,21,21,21,21,21,35,0,99,18,18,18,18,100,2,2,2,2,2,2,71,71,71,71,2,2,2,2,2,2,99,18,18,18,18,100,0,15,15,
15,15,0,0,0,0,0,0,0,0,74,66,67,66,83,91,0,0,0,0,0,0,0,0,0,0,0,0,0,0,0,0,0,0,0,0,0,0,0,0,0,0,0,0,0,0,0,0,0,0,0,0,0,0,0,0,0,0,0,0,0,0,0,0,0,0,0,0,0,0,0,0,0,0,0,0,0,0,0,0,0,0,0,0,0,0,0,0,0,0,0,0,0,0,0,0,0,0,52,23,14,14,14,0,0,0,0,0,14,14,14,14,14,14,14,14,0,0,0,0,0,0,0,0,0,0,14,14,0,0,0,17,0,0,15,0,0,0,0,0,0,0,0,0,0,14,15,15,0,0,0,0,0,0,0,0,0,0,0,0,0,0,17,22,21,21,21,21,21,35,0,99,18,18,18,18,100,2,2,2,2,2,2,71,71,71,71,2,2,2,2,2,2,99,18,18,18,18,100,0,15,15,
15,14,0,24,0,0,17,0,0,0,74,66,67,66,83,91,0,0,0,0,0,0,0,0,0,0,0,0,0,0,0,0,0,0,0,0,0,0,0,0,0,17,0,0,0,0,0,0,0,0,0,0,0,0,0,0,0,0,0,0,0,0,0,0,0,0,0,0,0,0,0,0,0,0,0,0,0,0,0,0,0,0,0,0,0,0,0,0,0,0,0,0,0,0,0,0,0,0,0,0,0,0,0,0,0,0,0,0,0,0,0,0,0,0,0,0,0,0,0,0,0,0,15,0,0,23,0,0,0,0,0,0,0,0,14,0,0,0,52,0,0,0,0,15,15,15,15,14,0,0,0,0,0,0,0,0,0,0,0,0,0,0,0,22,21,21,21,21,21,35,0,99,18,18,18,18,100,2,2,2,2,2,2,71,71,71,71,2,2,2,2,2,2,99,18,18,18,18,100,0,15,15,
15,0,0,0,0,0,0,0,0,0,74,66,67,66,83,91,0,0,0,0,0,0,17,0,0,0,0,0,0,0,23,0,0,0,0,0,0,0,0,0,0,0,0,0,0,0,0,0,0,0,17,0,0,0,0,0,0,0,23,0,0,0,0,0,0,0,0,0,0,0,0,0,0,0,0,0,0,0,0,0,0,0,0,0,0,51,0,0,0,0,0,0,0,0,17,0,0,0,0,0,0,0,0,0,0,0,0,0,0,0,0,0,0,0,0,0,0,0,0,0,0,0,14,0,0,0,0,0,0,0,15,15,0,0,0,0,0,0,0,0,0,0,0,15,14,14,14,0,0,0,0,0,0,0,0,0,0,0,0,0,0,0,0,22,21,21,21,21,21,35,0,99,18,18,18,18,100,2,2,2,2,2,2,71,71,71,71,2,2,2,2,2,2,99,18,18,18,18,100,0,15,15,
15,0,0,0,0,0,0,0,0,0,74,66,67,66,83,91,0,0,0,0,0,0,0,0,0,0,0,0,0,51,0,0,0,0,0,0,0,0,0,0,0,0,0,0,0,0,0,0,0,0,0,0,0,0,0,0,0,0,0,0,0,0,0,0,0,0,0,0,0,0,0,0,0,0,0,0,0,0,0,0,0,0,0,0,0,0,0,0,0,0,0,0,0,0,0,0,0,0,0,0,0,0,0,0,0,0,0,0,0,0,0,0,15,0,0,0,0,0,0,0,0,0,0,0,0,0,0,0,0,0,14,14,0,0,0,0,0,0,0,0,0,0,0,15,0,0,0,0,0,0,0,0,0,0,0,0,0,0,0,0,0,0,0,22,21,21,21,21,21,35,0,99,18,18,18,18,100,2,2,2,2,2,2,71,71,71,71,2,2,2,2,2,2,99,18,18,18,18,100,0,15,15,
15,0,0,0,0,0,0,0,0,0,72,66,67,66,83,91,0,0,0,0,0,0,0,0,0,0,0,0,0,0,0,0,0,0,0,0,0,0,0,0,0,0,0,0,0,0,0,0,0,0,0,0,0,0,0,0,0,0,0,0,0,0,0,0,0,0,0,0,0,0,0,0,0,0,0,0,0,0,0,0,0,0,0,0,0,0,0,0,0,0,0,0,0,0,0,0,0,0,0,0,0,0,0,0,0,0,0,0,0,0,0,0,14,0,0,0,17,0,0,0,0,0,0,0,0,15,0,0,0,0,0,0,0,0,0,0,0,0,0,0,0,0,0,15,0,0,0,0,0,0,0,0,0,0,0,17,0,0,0,0,0,0,0,22,21,21,21,21,21,35,0,99,18,18,18,18,100,88,88,88,88,88,88,22,21,21,35,88,88,88,88,88,88,99,18,18,18,18,100,0,15,15,
15,0,0,0,0,0,0,0,0,0,0,0,0,0,0,91,0,0,0,0,0,0,0,0,0,0,0,0,0,0,0,0,0,0,0,0,0,0,0,0,23,0,0,0,0,0,0,17,0,0,0,23,0,0,0,0,0,0,0,0,0,0,0,0,0,0,0,0,0,0,0,0,0,0,17,0,0,0,0,0,0,0,23,0,0,0,17,0,0,0,0,0,0,0,0,0,0,0,0,0,0,0,0,0,0,0,0,0,0,0,0,0,0,0,0,0,0,0,15,0,0,0,0,0,0,14,0,0,0,0,0,0,0,0,0,0,0,0,0,0,0,0,15,14,0,0,0,0,0,0,0,0,0,0,0,0,0,0,0,0,0,0,0,22,21,21,21,21,21,20,36,36,36,36,36,36,36,36,36,36,36,36,36,25,21,21,20,36,36,36,36,36,36,36,36,36,36,36,36,28,15,15,
14,0,0,0,0,0,0,0,0,0,0,0,0,0,0,91,0,0,0,0,0,0,0,0,0,0,0,0,0,0,0,0,0,17,0,0,0,0,0,0,0,0,0,0,0,51,0,0,0,0,0,0,0,0,0,0,0,0,0,0,0,0,17,0,0,0,0,0,0,0,0,0,0,0,0,0,0,0,0,0,0,0,0,0,0,0,0,0,0,0,0,0,0,0,0,0,0,0,0,0,17,0,0,51,0,23,0,0,0,0,0,0,0,0,0,0,0,0,14,0,0,0,0,23,0,0,0,0,0,0,0,0,0,0,17,0,0,0,0,0,0,51,14,0,0,0,0,0,0,0,0,0,0,0,0,0,0,0,0,0,0,0,0,22,21,21,21,21,21,21,21,21,21,21,21,21,21,21,21,21,21,21,21,21,21,21,21,21,21,21,21,21,21,21,21,21,21,21,21,35,15,15,
15,15,15,15,15,15,15,15,15,15,15,15,15,15,15,91,15,15,15,15,15,15,15,15,15,15,15,15,15,15,15,15,15,15,15,15,15,15,15,15,15,15,15,15,15,15,15,15,15,15,15,15,15,15,15,15,15,15,15,15,15,15,15,15,15,15,15,15,15,15,15,15,15,15,15,15,15,15,15,15,15,15,15,15,15,15,15,15,15,15,15,15,15,15,15,15,15,15,15,15,15,15,15,15,15,15,15,15,15,15,15,15,15,15,15,15,15,15,15,15,15,15,15,15,15,15,15,15,15,15,15,15,15,15,15,15,15,15,15,15,15,15,15,15,15,15,15,15,15,15,15,15,15,15,15,15,15,15,15,15,15,15,15,30,34,34,34,34,34,34,34,34,34,34,34,34,34,34,34,34,34,34,34,34,34,34,34,34,34,34,34,34,34,34,34,34,34,34,34,19,15,15,
15,15,15,15,15,15,15,15,15,15,15,15,15,15,15,91,15,15,15,15,15,15,15,15,15,15,15,15,15,15,15,15,15,15,15,15,15,15,15,15,15,15,15,15,15,15,15,15,15,15,15,15,15,15,15,15,15,15,15,15,15,15,15,15,15,15,15,15,15,15,15,15,15,15,15,15,15,15,15,15,15,15,15,15,15,15,15,15,15,15,15,15,15,15,15,15,15,15,15,15,15,15,15,15,15,15,15,15,15,15,15,15,15,15,15,15,15,15,15,15,15,15,15,15,15,15,15,15,15,15,15,15,15,15,15,15,15,15,15,15,15,15,15,15,15,15,15,15,15,15,15,15,15,15,15,15,15,15,15,15,15,15,15,15,15,15,15,15,15,15,15,15,15,15,15,15,15,15,15,15,15,15,15,15,15,15,15,15,15,15,15,15,15,15,15,15,15,15,15,15,15,15,
